#
# 3-day summary product time series for grandrivergrass
#
# Site: grandrivergrass
# Veg Type: GR
# ROI ID Number: 1000
# Lat: 40.695873
# Lon: -94.090862
# Elev: 368
# UTC Offset: -6
# Image Count Threshold: 1
# Aggregation Period: 3
# Solar Elevation Min: 10.0
# Time of Day Min: 00:00:00
# Time of Day Max: 23:59:59
# ROI Brightness Min: 100
# ROI Brightness Max: 665
# Creation Date: 2018-04-21
# Creation Time: 05:26:22
# Update Date: 2019-01-14
# Update Time: 05:21:55
# Final Processing Date:: 2019-01-14
# Final Processing Time:: 16:16:58
#
date,year,doy,image_count,midday_filename,midday_r,midday_g,midday_b,midday_gcc,midday_rcc,r_mean,r_std,g_mean,g_std,b_mean,b_std,gcc_mean,gcc_std,gcc_50,gcc_75,gcc_90,rcc_mean,rcc_std,rcc_50,rcc_75,rcc_90,max_solar_elev,snow_flag,outlierflag_gcc_mean,outlierflag_gcc_50,outlierflag_gcc_75,outlierflag_gcc_90,smooth_gcc_mean,smooth_gcc_50,smooth_gcc_75,smooth_gcc_90,smooth_rcc_mean,smooth_rcc_50,smooth_rcc_75,smooth_rcc_90,smooth_ci_gcc_mean,smooth_ci_gcc_50,smooth_ci_gcc_75,smooth_ci_gcc_90,smooth_ci_rcc_mean,smooth_ci_rcc_50,smooth_ci_rcc_75,smooth_ci_rcc_90,int_flag
2015-05-11,2015,131,NA,NA,NA,NA,NA,NA,NA,NA,NA,NA,NA,NA,NA,NA,NA,NA,NA,NA,NA,NA,NA,NA,NA,NA,NA,0,0,0,0,0.36569,0.36505,0.37037,0.37596,0.43062,0.43408,0.43859,0.44283,0.02,0.02,0.02,0.02,0.02,0.02,0.02,0.02,1
2015-05-12,2015,132,NA,NA,NA,NA,NA,NA,NA,NA,NA,NA,NA,NA,NA,NA,NA,NA,NA,NA,NA,NA,NA,NA,NA,NA,NA,0,0,0,0,0.36679,0.36626,0.37141,0.37687,0.43238,0.43552,0.44026,0.44481,0.02,0.02,0.02,0.02,0.02,0.02,0.02,0.02,1
2015-05-13,2015,133,NA,NA,NA,NA,NA,NA,NA,NA,NA,NA,NA,NA,NA,NA,NA,NA,NA,NA,NA,NA,NA,NA,NA,NA,NA,0,0,0,0,0.36785,0.3674,0.37238,0.37772,0.43396,0.43683,0.44177,0.44659,0.02,0.02,0.02,0.02,0.02,0.02,0.02,0.02,1
2015-05-14,2015,134,NA,NA,NA,NA,NA,NA,NA,NA,NA,NA,NA,NA,NA,NA,NA,NA,NA,NA,NA,NA,NA,NA,NA,NA,NA,0,0,0,0,0.36886,0.36849,0.37327,0.37851,0.43538,0.438,0.44314,0.44818,0.02,0.02,0.02,0.02,0.02,0.02,0.02,0.02,1
2015-05-15,2015,135,NA,NA,NA,NA,NA,NA,NA,NA,NA,NA,NA,NA,NA,NA,NA,NA,NA,NA,NA,NA,NA,NA,NA,NA,NA,0,0,0,0,0.36984,0.36953,0.3741,0.37923,0.43661,0.43904,0.44435,0.44956,0.02,0.02,0.02,0.02,0.02,0.02,0.02,0.02,1
2015-05-16,2015,136,NA,NA,NA,NA,NA,NA,NA,NA,NA,NA,NA,NA,NA,NA,NA,NA,NA,NA,NA,NA,NA,NA,NA,NA,NA,0,0,0,0,0.37078,0.37052,0.37488,0.37991,0.43769,0.43995,0.44542,0.45077,0.02,0.02,0.02,0.02,0.02,0.02,0.02,0.02,1
2015-05-17,2015,137,NA,NA,NA,NA,NA,NA,NA,NA,NA,NA,NA,NA,NA,NA,NA,NA,NA,NA,NA,NA,NA,NA,NA,NA,NA,0,0,0,0,0.37169,0.37145,0.37561,0.38054,0.43862,0.44074,0.44636,0.45181,0.02,0.02,0.02,0.02,0.02,0.02,0.02,0.02,1
2015-05-18,2015,138,NA,NA,NA,NA,NA,NA,NA,NA,NA,NA,NA,NA,NA,NA,NA,NA,NA,NA,NA,NA,NA,NA,NA,NA,NA,0,0,0,0,0.37254,0.37234,0.37629,0.38113,0.43943,0.44142,0.44717,0.45269,0.02,0.02,0.02,0.02,0.02,0.02,0.02,0.02,1
2015-05-19,2015,139,NA,NA,NA,NA,NA,NA,NA,NA,NA,NA,NA,NA,NA,NA,NA,NA,NA,NA,NA,NA,NA,NA,NA,NA,NA,0,0,0,0,0.37334,0.37316,0.37691,0.38166,0.44012,0.442,0.44787,0.45345,0.02,0.02,0.02,0.02,0.02,0.02,0.02,0.02,1
2015-05-20,2015,140,NA,NA,NA,NA,NA,NA,NA,NA,NA,NA,NA,NA,NA,NA,NA,NA,NA,NA,NA,NA,NA,NA,NA,NA,NA,0,0,0,0,0.37407,0.37392,0.37749,0.38215,0.44071,0.44249,0.44846,0.45409,0.02,0.02,0.02,0.02,0.02,0.02,0.02,0.02,1
2015-05-21,2015,141,NA,NA,NA,NA,NA,NA,NA,NA,NA,NA,NA,NA,NA,NA,NA,NA,NA,NA,NA,NA,NA,NA,NA,NA,NA,0,0,0,0,0.37477,0.37461,0.378,0.38258,0.44109,0.44282,0.44888,0.45449,0.02,0.02,0.02,0.02,0.02,0.02,0.02,0.02,1
2015-05-22,2015,142,NA,NA,NA,NA,NA,NA,NA,NA,NA,NA,NA,NA,NA,NA,NA,NA,NA,NA,NA,NA,NA,NA,NA,NA,NA,0,0,0,0,0.37543,0.37524,0.37845,0.38294,0.44118,0.44294,0.44907,0.45458,0.02,0.02,0.02,0.02,0.02,0.02,0.02,0.02,1
2015-05-23,2015,143,NA,NA,NA,NA,NA,NA,NA,NA,NA,NA,NA,NA,NA,NA,NA,NA,NA,NA,NA,NA,NA,NA,NA,NA,NA,0,0,0,0,0.37605,0.37581,0.37884,0.38326,0.44107,0.44291,0.44908,0.45445,0.02,0.02,0.02,0.02,0.02,0.02,0.02,0.02,1
2015-05-24,2015,144,NA,NA,NA,NA,NA,NA,NA,NA,NA,NA,NA,NA,NA,NA,NA,NA,NA,NA,NA,NA,NA,NA,NA,NA,NA,0,0,0,0,0.37662,0.37632,0.37917,0.38352,0.44084,0.44277,0.44898,0.45418,0.02,0.02,0.02,0.02,0.02,0.02,0.02,0.02,1
2015-05-25,2015,145,NA,NA,NA,NA,NA,NA,NA,NA,NA,NA,NA,NA,NA,NA,NA,NA,NA,NA,NA,NA,NA,NA,NA,NA,NA,0,0,0,0,0.37712,0.37677,0.37945,0.38374,0.44059,0.44257,0.44882,0.45387,0.02,0.02,0.02,0.02,0.02,0.02,0.02,0.02,1
2015-05-26,2015,146,NA,NA,NA,NA,NA,NA,NA,NA,NA,NA,NA,NA,NA,NA,NA,NA,NA,NA,NA,NA,NA,NA,NA,NA,NA,0,0,0,0,0.37754,0.37717,0.37969,0.38391,0.4404,0.44237,0.44865,0.4536,0.02,0.02,0.02,0.02,0.02,0.02,0.02,0.02,1
2015-05-27,2015,147,NA,NA,NA,NA,NA,NA,NA,NA,NA,NA,NA,NA,NA,NA,NA,NA,NA,NA,NA,NA,NA,NA,NA,NA,NA,0,0,0,0,0.37809,0.3777,0.37989,0.38406,0.44002,0.44194,0.44826,0.4531,0.02,0.02,0.02,0.02,0.02,0.02,0.02,0.02,1
2015-05-28,2015,148,NA,NA,NA,NA,NA,NA,NA,NA,NA,NA,NA,NA,NA,NA,NA,NA,NA,NA,NA,NA,NA,NA,NA,NA,NA,0,0,0,0,0.37872,0.37832,0.38006,0.38417,0.43946,0.44129,0.44765,0.45237,0.02,0.02,0.02,0.02,0.02,0.02,0.02,0.02,1
2015-05-29,2015,149,NA,NA,NA,NA,NA,NA,NA,NA,NA,NA,NA,NA,NA,NA,NA,NA,NA,NA,NA,NA,NA,NA,NA,NA,NA,0,0,0,0,0.37909,0.37869,0.38021,0.38426,0.43915,0.44086,0.44725,0.45191,0.02,0.02,0.02,0.02,0.02,0.02,0.02,0.02,1
2015-05-30,2015,150,NA,NA,NA,NA,NA,NA,NA,NA,NA,NA,NA,NA,NA,NA,NA,NA,NA,NA,NA,NA,NA,NA,NA,NA,NA,0,0,0,0,0.37903,0.3787,0.38028,0.38429,0.43913,0.44061,0.44702,0.45175,0.02,0.02,0.02,0.02,0.02,0.02,0.02,0.02,1
2015-05-31,2015,151,NA,NA,NA,NA,NA,NA,NA,NA,NA,NA,NA,NA,NA,NA,NA,NA,NA,NA,NA,NA,NA,NA,NA,NA,NA,0,0,0,0,0.37872,0.37852,0.38023,0.38421,0.43916,0.44029,0.44672,0.45164,0.02,0.02,0.02,0.02,0.02,0.02,0.02,0.02,1
2015-06-01,2015,152,NA,NA,NA,NA,NA,NA,NA,NA,NA,NA,NA,NA,NA,NA,NA,NA,NA,NA,NA,NA,NA,NA,NA,NA,NA,0,0,0,0,0.37821,0.37819,0.3801,0.38404,0.43927,0.43999,0.44642,0.45158,0.02,0.02,0.02,0.02,0.02,0.02,0.02,0.02,1
2015-06-02,2015,153,NA,NA,NA,NA,NA,NA,NA,NA,NA,NA,NA,NA,NA,NA,NA,NA,NA,NA,NA,NA,NA,NA,NA,NA,NA,0,0,0,0,0.3776,0.37775,0.37989,0.3838,0.43948,0.43979,0.4462,0.45161,0.02,0.02,0.02,0.02,0.02,0.02,0.02,0.02,1
2015-06-03,2015,154,NA,NA,NA,NA,NA,NA,NA,NA,NA,NA,NA,NA,NA,NA,NA,NA,NA,NA,NA,NA,NA,NA,NA,NA,NA,0,0,0,0,0.37696,0.37725,0.37964,0.38352,0.43981,0.43977,0.44614,0.45175,0.02,0.02,0.02,0.02,0.02,0.02,0.02,0.02,1
2015-06-04,2015,155,NA,NA,NA,NA,NA,NA,NA,NA,NA,NA,NA,NA,NA,NA,NA,NA,NA,NA,NA,NA,NA,NA,NA,NA,NA,0,0,0,0,0.37636,0.37673,0.37935,0.38321,0.44028,0.44003,0.4463,0.45203,0.02,0.02,0.02,0.02,0.02,0.02,0.02,0.02,1
2015-06-05,2015,156,NA,NA,NA,NA,NA,NA,NA,NA,NA,NA,NA,NA,NA,NA,NA,NA,NA,NA,NA,NA,NA,NA,NA,NA,NA,0,0,0,0,0.37553,0.37591,0.37905,0.38289,0.44097,0.44054,0.4466,0.45241,0.02,0.02,0.02,0.02,0.02,0.02,0.02,0.02,1
2015-06-06,2015,157,NA,NA,NA,NA,NA,NA,NA,NA,NA,NA,NA,NA,NA,NA,NA,NA,NA,NA,NA,NA,NA,NA,NA,NA,NA,0,0,0,0,0.37446,0.37481,0.37877,0.38258,0.44184,0.44122,0.44698,0.45289,0.02,0.02,0.02,0.02,0.02,0.02,0.02,0.02,1
2015-06-07,2015,158,NA,NA,NA,NA,NA,NA,NA,NA,NA,NA,NA,NA,NA,NA,NA,NA,NA,NA,NA,NA,NA,NA,NA,NA,NA,0,0,0,0,0.37362,0.37394,0.37852,0.38229,0.44271,0.44202,0.44755,0.45348,0.02,0.02,0.02,0.02,0.02,0.02,0.02,0.02,1
2015-06-08,2015,159,NA,NA,NA,NA,NA,NA,NA,NA,NA,NA,NA,NA,NA,NA,NA,NA,NA,NA,NA,NA,NA,NA,NA,NA,NA,0,0,0,0,0.37305,0.37333,0.37823,0.38196,0.44366,0.44305,0.44841,0.45423,0.02,0.02,0.02,0.02,0.02,0.02,0.02,0.02,1
2015-06-09,2015,160,NA,NA,NA,NA,NA,NA,NA,NA,NA,NA,NA,NA,NA,NA,NA,NA,NA,NA,NA,NA,NA,NA,NA,NA,NA,0,0,0,0,0.37248,0.3727,0.37783,0.38153,0.44478,0.44439,0.44955,0.45514,0.02,0.02,0.02,0.02,0.02,0.02,0.02,0.02,1
2015-06-10,2015,161,NA,NA,NA,NA,NA,NA,NA,NA,NA,NA,NA,NA,NA,NA,NA,NA,NA,NA,NA,NA,NA,NA,NA,NA,NA,0,0,0,0,0.37195,0.37209,0.37736,0.38103,0.446,0.44591,0.45087,0.45617,0.02,0.02,0.02,0.02,0.02,0.02,0.02,0.02,1
2015-06-11,2015,162,NA,NA,NA,NA,NA,NA,NA,NA,NA,NA,NA,NA,NA,NA,NA,NA,NA,NA,NA,NA,NA,NA,NA,NA,NA,0,0,0,0,0.37147,0.37153,0.37685,0.3805,0.44727,0.4475,0.45228,0.45729,0.02,0.02,0.02,0.02,0.02,0.02,0.02,0.02,1
2015-06-12,2015,163,NA,NA,NA,NA,NA,NA,NA,NA,NA,NA,NA,NA,NA,NA,NA,NA,NA,NA,NA,NA,NA,NA,NA,NA,NA,0,0,0,0,0.37106,0.37106,0.37634,0.37996,0.4485,0.44905,0.45369,0.45845,0.02,0.02,0.02,0.02,0.02,0.02,0.02,0.02,1
2015-06-13,2015,164,NA,NA,NA,NA,NA,NA,NA,NA,NA,NA,NA,NA,NA,NA,NA,NA,NA,NA,NA,NA,NA,NA,NA,NA,NA,0,0,0,0,0.37075,0.37071,0.37585,0.37944,0.44962,0.45044,0.455,0.45963,0.02,0.02,0.02,0.02,0.02,0.02,0.02,0.02,1
2015-06-14,2015,165,NA,NA,NA,NA,NA,NA,NA,NA,NA,NA,NA,NA,NA,NA,NA,NA,NA,NA,NA,NA,NA,NA,NA,NA,NA,0,0,0,0,0.37062,0.37053,0.37542,0.37899,0.45085,0.45202,0.45657,0.46112,0.02,0.02,0.02,0.02,0.02,0.02,0.02,0.02,1
2015-06-15,2015,166,NA,NA,NA,NA,NA,NA,NA,NA,NA,NA,NA,NA,NA,NA,NA,NA,NA,NA,NA,NA,NA,NA,NA,NA,NA,0,0,0,0,0.37063,0.37047,0.37508,0.37863,0.4522,0.45386,0.45841,0.46288,0.02,0.02,0.02,0.02,0.02,0.02,0.02,0.02,1
2015-06-16,2015,167,NA,NA,NA,NA,NA,NA,NA,NA,NA,NA,NA,NA,NA,NA,NA,NA,NA,NA,NA,NA,NA,NA,NA,NA,NA,0,0,0,0,0.37061,0.37041,0.37487,0.37839,0.45336,0.45536,0.45994,0.46439,0.02,0.02,0.02,0.02,0.02,0.02,0.02,0.02,1
2015-06-17,2015,168,NA,NA,NA,NA,NA,NA,NA,NA,NA,NA,NA,NA,NA,NA,NA,NA,NA,NA,NA,NA,NA,NA,NA,NA,NA,0,0,0,0,0.37054,0.37035,0.3748,0.3783,0.45437,0.4565,0.46121,0.46575,0.02,0.02,0.02,0.02,0.02,0.02,0.02,0.02,1
2015-06-18,2015,169,NA,NA,NA,NA,NA,NA,NA,NA,NA,NA,NA,NA,NA,NA,NA,NA,NA,NA,NA,NA,NA,NA,NA,NA,NA,0,0,0,0,0.37052,0.37036,0.37486,0.37835,0.45543,0.45762,0.46258,0.46732,0.02,0.02,0.02,0.02,0.02,0.02,0.02,0.02,1
2015-06-19,2015,170,NA,NA,NA,NA,NA,NA,NA,NA,NA,NA,NA,NA,NA,NA,NA,NA,NA,NA,NA,NA,NA,NA,NA,NA,NA,0,0,0,0,0.37054,0.37043,0.37501,0.37849,0.45646,0.45866,0.46392,0.46892,0.02,0.02,0.02,0.02,0.02,0.02,0.02,0.02,1
2015-06-20,2015,171,NA,NA,NA,NA,NA,NA,NA,NA,NA,NA,NA,NA,NA,NA,NA,NA,NA,NA,NA,NA,NA,NA,NA,NA,NA,0,0,0,0,0.3706,0.37055,0.37522,0.3787,0.45738,0.45955,0.46512,0.47038,0.02,0.02,0.02,0.02,0.02,0.02,0.02,0.02,1
2015-06-21,2015,172,NA,NA,NA,NA,NA,NA,NA,NA,NA,NA,NA,NA,NA,NA,NA,NA,NA,NA,NA,NA,NA,NA,NA,NA,NA,0,0,0,0,0.37069,0.3707,0.37546,0.37893,0.45809,0.46022,0.46605,0.47152,0.02,0.02,0.02,0.02,0.02,0.02,0.02,0.02,1
2015-06-22,2015,173,NA,NA,NA,NA,NA,NA,NA,NA,NA,NA,NA,NA,NA,NA,NA,NA,NA,NA,NA,NA,NA,NA,NA,NA,NA,0,0,0,0,0.37081,0.37088,0.37569,0.37916,0.45851,0.46061,0.4666,0.47217,0.02,0.02,0.02,0.02,0.02,0.02,0.02,0.02,1
2015-06-23,2015,174,NA,NA,NA,NA,NA,NA,NA,NA,NA,NA,NA,NA,NA,NA,NA,NA,NA,NA,NA,NA,NA,NA,NA,NA,NA,0,0,0,0,0.37103,0.3712,0.37588,0.37934,0.45863,0.46061,0.46673,0.47237,0.02,0.02,0.02,0.02,0.02,0.02,0.02,0.02,1
2015-06-24,2015,175,NA,NA,NA,NA,NA,NA,NA,NA,NA,NA,NA,NA,NA,NA,NA,NA,NA,NA,NA,NA,NA,NA,NA,NA,NA,0,0,0,0,0.37134,0.37164,0.376,0.37944,0.45854,0.46034,0.46659,0.47233,0.02,0.02,0.02,0.02,0.02,0.02,0.02,0.02,1
2015-06-25,2015,176,NA,NA,NA,NA,NA,NA,NA,NA,NA,NA,NA,NA,NA,NA,NA,NA,NA,NA,NA,NA,NA,NA,NA,NA,NA,0,0,0,0,0.37159,0.37199,0.37601,0.37943,0.45836,0.46002,0.46633,0.47208,0.02,0.02,0.02,0.02,0.02,0.02,0.02,0.02,1
2015-06-26,2015,177,NA,NA,NA,NA,NA,NA,NA,NA,NA,NA,NA,NA,NA,NA,NA,NA,NA,NA,NA,NA,NA,NA,NA,NA,NA,0,0,0,0,0.37187,0.37227,0.37598,0.37937,0.45794,0.45954,0.4658,0.4714,0.02,0.02,0.02,0.02,0.02,0.02,0.02,0.02,1
2015-06-27,2015,178,NA,NA,NA,NA,NA,NA,NA,NA,NA,NA,NA,NA,NA,NA,NA,NA,NA,NA,NA,NA,NA,NA,NA,NA,NA,0,0,0,0,0.37226,0.37264,0.37599,0.37935,0.45717,0.45873,0.46484,0.47016,0.02,0.02,0.02,0.02,0.02,0.02,0.02,0.02,1
2015-06-28,2015,179,NA,NA,NA,NA,NA,NA,NA,NA,NA,NA,NA,NA,NA,NA,NA,NA,NA,NA,NA,NA,NA,NA,NA,NA,NA,0,0,0,0,0.37268,0.37304,0.37601,0.37933,0.45621,0.45772,0.46363,0.46859,0.02,0.02,0.02,0.02,0.02,0.02,0.02,0.02,1
2015-06-29,2015,180,NA,NA,NA,NA,NA,NA,NA,NA,NA,NA,NA,NA,NA,NA,NA,NA,NA,NA,NA,NA,NA,NA,NA,NA,NA,0,0,0,0,0.37306,0.37337,0.37604,0.37932,0.45521,0.45668,0.46237,0.46695,0.02,0.02,0.02,0.02,0.02,0.02,0.02,0.02,1
2015-06-30,2015,181,NA,NA,NA,NA,NA,NA,NA,NA,NA,NA,NA,NA,NA,NA,NA,NA,NA,NA,NA,NA,NA,NA,NA,NA,NA,0,0,0,0,0.37331,0.37358,0.37605,0.3793,0.45433,0.45575,0.46122,0.46546,0.02,0.02,0.02,0.02,0.02,0.02,0.02,0.02,1
2015-07-01,2015,182,NA,NA,NA,NA,NA,NA,NA,NA,NA,NA,NA,NA,NA,NA,NA,NA,NA,NA,NA,NA,NA,NA,NA,NA,NA,0,0,0,0,0.37335,0.37359,0.37603,0.37924,0.4537,0.45509,0.46038,0.46438,0.02,0.02,0.02,0.02,0.02,0.02,0.02,0.02,1
2015-07-02,2015,183,NA,NA,NA,NA,NA,NA,NA,NA,NA,NA,NA,NA,NA,NA,NA,NA,NA,NA,NA,NA,NA,NA,NA,NA,NA,0,0,0,0,0.37318,0.37337,0.37597,0.37914,0.4532,0.45454,0.45964,0.4634,0.02,0.02,0.02,0.02,0.02,0.02,0.02,0.02,1
2015-07-03,2015,184,NA,NA,NA,NA,NA,NA,NA,NA,NA,NA,NA,NA,NA,NA,NA,NA,NA,NA,NA,NA,NA,NA,NA,NA,NA,0,0,0,0,0.37292,0.37303,0.37585,0.37898,0.45265,0.45396,0.4588,0.46231,0.02,0.02,0.02,0.02,0.02,0.02,0.02,0.02,1
2015-07-04,2015,185,NA,NA,NA,NA,NA,NA,NA,NA,NA,NA,NA,NA,NA,NA,NA,NA,NA,NA,NA,NA,NA,NA,NA,NA,NA,0,0,0,0,0.37263,0.3727,0.37565,0.37875,0.4522,0.45348,0.45813,0.46146,0.02,0.02,0.02,0.02,0.02,0.02,0.02,0.02,1
2015-07-05,2015,186,NA,NA,NA,NA,NA,NA,NA,NA,NA,NA,NA,NA,NA,NA,NA,NA,NA,NA,NA,NA,NA,NA,NA,NA,NA,0,0,0,0,0.37227,0.37229,0.37539,0.37844,0.45193,0.45318,0.45771,0.46101,0.02,0.02,0.02,0.02,0.02,0.02,0.02,0.02,1
2015-07-06,2015,187,NA,NA,NA,NA,NA,NA,NA,NA,NA,NA,NA,NA,NA,NA,NA,NA,NA,NA,NA,NA,NA,NA,NA,NA,NA,0,0,0,0,0.37173,0.37171,0.37508,0.37807,0.45182,0.45303,0.45746,0.46082,0.02,0.02,0.02,0.02,0.02,0.02,0.02,0.02,1
2015-07-07,2015,188,NA,NA,NA,NA,NA,NA,NA,NA,NA,NA,NA,NA,NA,NA,NA,NA,NA,NA,NA,NA,NA,NA,NA,NA,NA,0,0,0,0,0.37108,0.37103,0.37474,0.37765,0.45181,0.45296,0.45731,0.46078,0.02,0.02,0.02,0.02,0.02,0.02,0.02,0.02,1
2015-07-08,2015,189,NA,NA,NA,NA,NA,NA,NA,NA,NA,NA,NA,NA,NA,NA,NA,NA,NA,NA,NA,NA,NA,NA,NA,NA,NA,0,0,0,0,0.37041,0.37032,0.37436,0.37719,0.45183,0.45293,0.45722,0.46082,0.02,0.02,0.02,0.02,0.02,0.02,0.02,0.02,1
2015-07-09,2015,190,NA,NA,NA,NA,NA,NA,NA,NA,NA,NA,NA,NA,NA,NA,NA,NA,NA,NA,NA,NA,NA,NA,NA,NA,NA,0,0,0,0,0.36977,0.36965,0.37394,0.3767,0.4518,0.45288,0.45711,0.46084,0.02,0.02,0.02,0.02,0.02,0.02,0.02,0.02,1
2015-07-10,2015,191,NA,NA,NA,NA,NA,NA,NA,NA,NA,NA,NA,NA,NA,NA,NA,NA,NA,NA,NA,NA,NA,NA,NA,NA,NA,0,0,0,0,0.36924,0.36911,0.37349,0.37618,0.45164,0.45275,0.45693,0.46074,0.02,0.02,0.02,0.02,0.02,0.02,0.02,0.02,1
2015-07-11,2015,192,NA,NA,NA,NA,NA,NA,NA,NA,NA,NA,NA,NA,NA,NA,NA,NA,NA,NA,NA,NA,NA,NA,NA,NA,NA,0,0,0,0,0.36888,0.36877,0.37301,0.37563,0.4514,0.45263,0.45678,0.46072,0.02,0.02,0.02,0.02,0.02,0.02,0.02,0.02,1
2015-07-12,2015,193,NA,NA,NA,NA,NA,NA,NA,NA,NA,NA,NA,NA,NA,NA,NA,NA,NA,NA,NA,NA,NA,NA,NA,NA,NA,0,0,0,0,0.3686,0.36853,0.37249,0.37507,0.45116,0.45256,0.45671,0.46082,0.02,0.02,0.02,0.02,0.02,0.02,0.02,0.02,1
2015-07-13,2015,194,NA,NA,NA,NA,NA,NA,NA,NA,NA,NA,NA,NA,NA,NA,NA,NA,NA,NA,NA,NA,NA,NA,NA,NA,NA,0,0,0,0,0.36821,0.36816,0.37195,0.3745,0.45091,0.45244,0.45659,0.46082,0.02,0.02,0.02,0.02,0.02,0.02,0.02,0.02,1
2015-07-14,2015,195,NA,NA,NA,NA,NA,NA,NA,NA,NA,NA,NA,NA,NA,NA,NA,NA,NA,NA,NA,NA,NA,NA,NA,NA,NA,0,0,0,0,0.36776,0.36771,0.3717,0.37426,0.45052,0.45211,0.45628,0.46054,0.02,0.02,0.02,0.02,0.02,0.02,0.02,0.02,1
2015-07-15,2015,196,NA,NA,NA,NA,NA,NA,NA,NA,NA,NA,NA,NA,NA,NA,NA,NA,NA,NA,NA,NA,NA,NA,NA,NA,NA,0,0,0,0,0.36737,0.36731,0.37198,0.37456,0.44998,0.4516,0.45582,0.46005,0.02,0.02,0.02,0.02,0.02,0.02,0.02,0.02,1
2015-07-16,2015,197,NA,NA,NA,NA,NA,NA,NA,NA,NA,NA,NA,NA,NA,NA,NA,NA,NA,NA,NA,NA,NA,NA,NA,NA,NA,0,0,0,0,0.36699,0.36691,0.37266,0.37529,0.44937,0.45101,0.45528,0.45947,0.02,0.02,0.02,0.02,0.02,0.02,0.02,0.02,1
2015-07-17,2015,198,NA,NA,NA,NA,NA,NA,NA,NA,NA,NA,NA,NA,NA,NA,NA,NA,NA,NA,NA,NA,NA,NA,NA,NA,NA,0,0,0,0,0.36656,0.36647,0.37362,0.3763,0.44877,0.45045,0.45478,0.45892,0.02,0.02,0.02,0.02,0.02,0.02,0.02,0.02,1
2015-07-18,2015,199,NA,NA,NA,NA,NA,NA,NA,NA,NA,NA,NA,NA,NA,NA,NA,NA,NA,NA,NA,NA,NA,NA,NA,NA,NA,0,0,0,0,0.36604,0.36593,0.37472,0.37747,0.44826,0.45001,0.45441,0.45849,0.02,0.02,0.02,0.02,0.02,0.02,0.02,0.02,1
2015-07-19,2015,200,NA,NA,NA,NA,NA,NA,NA,NA,NA,NA,NA,NA,NA,NA,NA,NA,NA,NA,NA,NA,NA,NA,NA,NA,NA,0,0,0,0,0.36537,0.36525,0.37585,0.37866,0.44794,0.44981,0.45426,0.45832,0.02,0.02,0.02,0.02,0.02,0.02,0.02,0.02,1
2015-07-20,2015,201,NA,NA,NA,NA,NA,NA,NA,NA,NA,NA,NA,NA,NA,NA,NA,NA,NA,NA,NA,NA,NA,NA,NA,NA,NA,0,0,0,0,0.36441,0.3643,0.37688,0.37975,0.44782,0.4498,0.45429,0.45828,0.02,0.02,0.02,0.02,0.02,0.02,0.02,0.02,1
2015-07-21,2015,202,NA,NA,NA,NA,NA,NA,NA,NA,NA,NA,NA,NA,NA,NA,NA,NA,NA,NA,NA,NA,NA,NA,NA,NA,NA,0,0,0,0,0.36325,0.36314,0.37767,0.38059,0.4478,0.44989,0.4544,0.45829,0.02,0.02,0.02,0.02,0.02,0.02,0.02,0.02,1
2015-07-22,2015,203,NA,NA,NA,NA,NA,NA,NA,NA,NA,NA,NA,NA,NA,NA,NA,NA,NA,NA,NA,NA,NA,NA,NA,NA,NA,0,0,0,0,0.3622,0.36209,0.3781,0.38106,0.4478,0.45006,0.45463,0.45848,0.02,0.02,0.02,0.02,0.02,0.02,0.02,0.02,1
2015-07-23,2015,204,NA,NA,NA,NA,NA,NA,NA,NA,NA,NA,NA,NA,NA,NA,NA,NA,NA,NA,NA,NA,NA,NA,NA,NA,NA,0,0,0,0,0.36109,0.36098,0.37824,0.38119,0.44786,0.45041,0.45514,0.45908,0.02,0.02,0.02,0.02,0.02,0.02,0.02,0.02,1
2015-07-24,2015,205,NA,NA,NA,NA,NA,NA,NA,NA,NA,NA,NA,NA,NA,NA,NA,NA,NA,NA,NA,NA,NA,NA,NA,NA,NA,0,0,0,0,0.35969,0.35958,0.37823,0.38116,0.44806,0.451,0.45601,0.46015,0.02,0.02,0.02,0.02,0.02,0.02,0.02,0.02,1
2015-07-25,2015,206,NA,NA,NA,NA,NA,NA,NA,NA,NA,NA,NA,NA,NA,NA,NA,NA,NA,NA,NA,NA,NA,NA,NA,NA,NA,0,0,0,0,0.35817,0.35807,0.3781,0.38098,0.44833,0.45172,0.45707,0.46144,0.02,0.02,0.02,0.02,0.02,0.02,0.02,0.02,1
2015-07-26,2015,207,NA,NA,NA,NA,NA,NA,NA,NA,NA,NA,NA,NA,NA,NA,NA,NA,NA,NA,NA,NA,NA,NA,NA,NA,NA,0,0,0,0,0.35674,0.35663,0.37784,0.38069,0.44863,0.45246,0.45814,0.46275,0.02,0.02,0.02,0.02,0.02,0.02,0.02,0.02,1
2015-07-27,2015,208,NA,NA,NA,NA,NA,NA,NA,NA,NA,NA,NA,NA,NA,NA,NA,NA,NA,NA,NA,NA,NA,NA,NA,NA,NA,0,0,0,0,0.35557,0.35547,0.37748,0.3803,0.44891,0.45311,0.45905,0.46385,0.02,0.02,0.02,0.02,0.02,0.02,0.02,0.02,1
2015-07-28,2015,209,NA,NA,NA,NA,NA,NA,NA,NA,NA,NA,NA,NA,NA,NA,NA,NA,NA,NA,NA,NA,NA,NA,NA,NA,NA,0,0,0,0,0.35486,0.35476,0.37702,0.37985,0.44911,0.45358,0.45965,0.46453,0.02,0.02,0.02,0.02,0.02,0.02,0.02,0.02,1
2015-07-29,2015,210,NA,NA,NA,NA,NA,NA,NA,NA,NA,NA,NA,NA,NA,NA,NA,NA,NA,NA,NA,NA,NA,NA,NA,NA,NA,0,0,0,0,0.35516,0.35522,0.37667,0.37944,0.44961,0.45383,0.45995,0.46467,0.02,0.02,0.02,0.02,0.02,0.02,0.02,0.02,1
2015-07-30,2015,211,NA,NA,NA,NA,NA,NA,NA,NA,NA,NA,NA,NA,NA,NA,NA,NA,NA,NA,NA,NA,NA,NA,NA,NA,NA,0,0,0,0,0.35662,0.35705,0.37649,0.37908,0.45056,0.45394,0.46009,0.46437,0.02,0.02,0.02,0.02,0.02,0.02,0.02,0.02,1
2015-07-31,2015,212,NA,NA,NA,NA,NA,NA,NA,NA,NA,NA,NA,NA,NA,NA,NA,NA,NA,NA,NA,NA,NA,NA,NA,NA,NA,0,0,0,0,0.35877,0.35966,0.37634,0.3787,0.45162,0.4539,0.46001,0.46371,0.02,0.02,0.02,0.02,0.02,0.02,0.02,0.02,1
2015-08-01,2015,213,NA,NA,NA,NA,NA,NA,NA,NA,NA,NA,NA,NA,NA,NA,NA,NA,NA,NA,NA,NA,NA,NA,NA,NA,NA,0,0,0,0,0.36115,0.36246,0.37603,0.37821,0.45241,0.4537,0.45969,0.46276,0.02,0.02,0.02,0.02,0.02,0.02,0.02,0.02,1
2015-08-02,2015,214,NA,NA,NA,NA,NA,NA,NA,NA,NA,NA,NA,NA,NA,NA,NA,NA,NA,NA,NA,NA,NA,NA,NA,NA,NA,0,0,0,0,0.3633,0.36486,0.37541,0.37753,0.45259,0.45337,0.45908,0.46159,0.02,0.02,0.02,0.02,0.02,0.02,0.02,0.02,1
2015-08-03,2015,215,NA,NA,NA,NA,NA,NA,NA,NA,NA,NA,NA,NA,NA,NA,NA,NA,NA,NA,NA,NA,NA,NA,NA,NA,NA,0,0,0,0,0.36477,0.36626,0.37431,0.37658,0.45178,0.45288,0.45815,0.4603,0.02,0.02,0.02,0.02,0.02,0.02,0.02,0.02,1
2015-08-04,2015,216,NA,NA,NA,NA,NA,NA,NA,NA,NA,NA,NA,NA,NA,NA,NA,NA,NA,NA,NA,NA,NA,NA,NA,NA,NA,0,0,0,0,0.36569,0.36696,0.37293,0.37548,0.45039,0.45234,0.45712,0.45899,0.02,0.02,0.02,0.02,0.02,0.02,0.02,0.02,1
2015-08-05,2015,217,NA,NA,NA,NA,NA,NA,NA,NA,NA,NA,NA,NA,NA,NA,NA,NA,NA,NA,NA,NA,NA,NA,NA,NA,NA,0,0,0,0,0.36643,0.36748,0.37156,0.37438,0.44918,0.45193,0.4563,0.4579,0.02,0.02,0.02,0.02,0.02,0.02,0.02,0.02,1
2015-08-06,2015,218,NA,NA,NA,NA,NA,NA,NA,NA,NA,NA,NA,NA,NA,NA,NA,NA,NA,NA,NA,NA,NA,NA,NA,NA,NA,0,0,0,0,0.3668,0.36765,0.3702,0.37325,0.4483,0.45177,0.4558,0.4572,0.02,0.02,0.02,0.02,0.02,0.02,0.02,0.02,1
2015-08-07,2015,219,NA,NA,NA,NA,NA,NA,NA,NA,NA,NA,NA,NA,NA,NA,NA,NA,NA,NA,NA,NA,NA,NA,NA,NA,NA,0,0,0,0,0.36664,0.36726,0.36882,0.37209,0.44795,0.452,0.45572,0.4571,0.02,0.02,0.02,0.02,0.02,0.02,0.02,0.02,1
2015-08-08,2015,220,NA,NA,NA,NA,NA,NA,NA,NA,NA,NA,NA,NA,NA,NA,NA,NA,NA,NA,NA,NA,NA,NA,NA,NA,NA,0,0,0,0,0.36579,0.36614,0.36741,0.37086,0.44828,0.45272,0.45616,0.45777,0.02,0.02,0.02,0.02,0.02,0.02,0.02,0.02,1
2015-08-09,2015,221,61,grandrivergrass_2015_08_09_120006.jpg,114.46107,96.52204,50.30735,0.36941,0.43806,113.96237,6.20613,92.08138,3.72837,47.00226,3.42436,0.36402,0.00476,0.36416,0.367,0.37049,0.45031,0.01036,0.45425,0.45753,0.45981,65.31597,NA,0,0,0,0,0.36406,0.36407,0.36596,0.36954,0.44946,0.45408,0.45723,0.45941,0.00429,0.00416,0.00463,0.00553,0.01546,0.01681,0.01552,0.01742,NA
2015-08-10,2015,222,NA,NA,NA,NA,NA,NA,NA,NA,NA,NA,NA,NA,NA,NA,NA,NA,NA,NA,NA,NA,NA,NA,NA,NA,NA,0,0,0,0,0.36211,0.36179,0.36444,0.36812,0.45091,0.45548,0.45842,0.46129,0.00331,0.00321,0.00396,0.00472,0.01192,0.01297,0.01197,0.01344,NA
2015-08-11,2015,223,NA,NA,NA,NA,NA,NA,NA,NA,NA,NA,NA,NA,NA,NA,NA,NA,NA,NA,NA,NA,NA,NA,NA,NA,NA,0,0,0,0,0.36055,0.35995,0.36284,0.36656,0.45206,0.45643,0.45932,0.46271,0.0028,0.00271,0.00345,0.00412,0.01008,0.01096,0.01012,0.01136,NA
2015-08-12,2015,224,71,grandrivergrass_2015_08_12_120007.jpg,119.27447,92.27195,47.63289,0.35602,0.4602,116.32673,6.86219,92.91261,3.29814,49.04815,4.78291,0.35984,0.00437,0.35866,0.36269,0.36621,0.45026,0.01641,0.45648,0.45871,0.46204,64.43739,NA,0,0,0,0,0.35913,0.35833,0.36115,0.36486,0.45312,0.45721,0.46017,0.46395,0.00264,0.00256,0.00307,0.00366,0.0095,0.01033,0.00954,0.0107,NA
2015-08-13,2015,225,NA,NA,NA,NA,NA,NA,NA,NA,NA,NA,NA,NA,NA,NA,NA,NA,NA,NA,NA,NA,NA,NA,NA,NA,NA,0,0,0,0,0.35767,0.35673,0.35942,0.36308,0.45424,0.45802,0.4611,0.46509,0.00263,0.00256,0.0028,0.00334,0.00949,0.01032,0.00953,0.01069,NA
2015-08-14,2015,226,NA,NA,NA,NA,NA,NA,NA,NA,NA,NA,NA,NA,NA,NA,NA,NA,NA,NA,NA,NA,NA,NA,NA,NA,NA,0,0,0,0,0.35615,0.35515,0.35772,0.36132,0.45546,0.45886,0.46213,0.46609,0.0026,0.00252,0.00262,0.00313,0.00935,0.01017,0.00939,0.01054,NA
2015-08-15,2015,227,72,grandrivergrass_2015_08_15_120006.jpg,123.12607,91.45436,48.88828,0.34712,0.46733,118.39844,6.35651,89.26047,3.95906,47.64506,3.54519,0.34969,0.0043,0.34893,0.35007,0.35391,0.46375,0.01272,0.4655,0.46958,0.47526,63.52105,NA,0,0,0,0,0.35461,0.35361,0.35607,0.3596,0.45675,0.45975,0.46325,0.46706,0.00253,0.00245,0.0025,0.00299,0.00912,0.00991,0.00915,0.01027,NA
2015-08-16,2015,228,NA,NA,NA,NA,NA,NA,NA,NA,NA,NA,NA,NA,NA,NA,NA,NA,NA,NA,NA,NA,NA,NA,NA,NA,NA,0,0,0,0,0.35307,0.35211,0.35447,0.35793,0.4581,0.46069,0.46448,0.46809,0.00249,0.00242,0.00242,0.00289,0.00898,0.00977,0.00902,0.01012,NA
2015-08-17,2015,229,NA,NA,NA,NA,NA,NA,NA,NA,NA,NA,NA,NA,NA,NA,NA,NA,NA,NA,NA,NA,NA,NA,NA,NA,NA,0,0,0,0,0.35155,0.35064,0.35294,0.35632,0.45949,0.46169,0.46582,0.46928,0.00251,0.00243,0.00238,0.00284,0.00904,0.00983,0.00908,0.01019,NA
2015-08-18,2015,230,72,grandrivergrass_2015_08_18_120008.jpg,111.15678,89.94901,47.66007,0.36158,0.44683,114.06572,4.78377,89.87725,2.14894,47.72866,2.71231,0.35721,0.00633,0.35589,0.35942,0.3645,0.45318,0.01288,0.45509,0.45895,0.46214,62.5693,NA,0,0,0,0,0.35009,0.34923,0.35148,0.35479,0.46091,0.46278,0.46729,0.47073,0.00255,0.00247,0.00236,0.00282,0.00918,0.00999,0.00922,0.01035,NA
2015-08-19,2015,231,NA,NA,NA,NA,NA,NA,NA,NA,NA,NA,NA,NA,NA,NA,NA,NA,NA,NA,NA,NA,NA,NA,NA,NA,NA,0,0,0,0,0.34861,0.34785,0.35011,0.35334,0.4625,0.46409,0.46912,0.47258,0.00251,0.00243,0.00237,0.00283,0.00903,0.00982,0.00907,0.01017,NA
2015-08-20,2015,232,NA,NA,NA,NA,NA,NA,NA,NA,NA,NA,NA,NA,NA,NA,NA,NA,NA,NA,NA,NA,NA,NA,NA,NA,NA,0,0,0,0,0.34712,0.3465,0.34883,0.352,0.46424,0.46555,0.47122,0.47467,0.00245,0.00238,0.00241,0.00287,0.00884,0.00962,0.00888,0.00996,NA
2015-08-21,2015,233,70,grandrivergrass_2015_08_21_120006.jpg,116.43795,82.21313,44.33151,0.33835,0.4792,120.23364,6.63074,88.46288,4.51217,48.69667,3.91602,0.34373,0.0037,0.34386,0.34657,0.34875,0.4672,0.01216,0.46808,0.47627,0.47928,61.58446,NA,0,0,0,0,0.34575,0.34526,0.34766,0.35077,0.46581,0.46687,0.47313,0.47667,0.00246,0.00239,0.00246,0.00293,0.00887,0.00964,0.0089,0.00999,NA
2015-08-22,2015,234,NA,NA,NA,NA,NA,NA,NA,NA,NA,NA,NA,NA,NA,NA,NA,NA,NA,NA,NA,NA,NA,NA,NA,NA,NA,0,0,0,0,0.34441,0.34404,0.34661,0.34967,0.46739,0.46819,0.47509,0.47896,0.00241,0.00234,0.00248,0.00296,0.00868,0.00944,0.00872,0.00978,NA
2015-08-23,2015,235,NA,NA,NA,NA,NA,NA,NA,NA,NA,NA,NA,NA,NA,NA,NA,NA,NA,NA,NA,NA,NA,NA,NA,NA,NA,0,0,0,0,0.34297,0.34276,0.34568,0.34869,0.46924,0.4698,0.47749,0.48187,0.00232,0.00225,0.00247,0.00294,0.00836,0.00909,0.00839,0.00942,NA
2015-08-24,2015,236,46,grandrivergrass_2015_08_23_180006.jpg,115.22008,83.27922,44.38542,0.34288,0.47438,124.28027,5.20184,89.27481,3.60005,49.58044,3.67546,0.33935,0.0033,0.33915,0.34151,0.34372,0.47242,0.00809,0.47248,0.47761,0.4806,60.56892,NA,0,0,0,0,0.34154,0.3415,0.34486,0.34782,0.47117,0.47149,0.48003,0.485,0.00228,0.00221,0.00243,0.00289,0.0082,0.00892,0.00824,0.00924,NA
2015-08-25,2015,237,NA,NA,NA,NA,NA,NA,NA,NA,NA,NA,NA,NA,NA,NA,NA,NA,NA,NA,NA,NA,NA,NA,NA,NA,NA,0,0,0,0,0.34018,0.3403,0.34413,0.34705,0.47297,0.47311,0.48241,0.48798,0.00232,0.00225,0.00238,0.00284,0.00836,0.00909,0.00839,0.00942,NA
2015-08-26,2015,238,NA,NA,NA,NA,NA,NA,NA,NA,NA,NA,NA,NA,NA,NA,NA,NA,NA,NA,NA,NA,NA,NA,NA,NA,NA,0,0,0,0,0.339,0.33925,0.3435,0.34637,0.47445,0.47445,0.48435,0.49041,0.00241,0.00234,0.00234,0.00279,0.00868,0.00944,0.00872,0.00978,NA
2015-08-27,2015,239,67,grandrivergrass_2015_08_27_120008.jpg,126.08174,89.91882,47.99891,0.3406,0.47758,122.6796,6.07792,87.76335,3.145,48.11174,4.86532,0.33948,0.00565,0.33904,0.34321,0.34592,0.47458,0.01887,0.47699,0.48797,0.49418,59.52506,NA,0,0,0,0,0.33809,0.33839,0.34293,0.34576,0.47542,0.47536,0.48556,0.49191,0.00246,0.00239,0.00232,0.00277,0.00887,0.00964,0.0089,0.00999,NA
2015-08-28,2015,240,NA,NA,NA,NA,NA,NA,NA,NA,NA,NA,NA,NA,NA,NA,NA,NA,NA,NA,NA,NA,NA,NA,NA,NA,NA,0,0,0,0,0.3374,0.33768,0.34243,0.34522,0.47617,0.47604,0.48625,0.49285,0.00242,0.00235,0.00232,0.00277,0.00872,0.00948,0.00875,0.00982,NA
2015-08-29,2015,241,NA,NA,NA,NA,NA,NA,NA,NA,NA,NA,NA,NA,NA,NA,NA,NA,NA,NA,NA,NA,NA,NA,NA,NA,NA,0,0,0,0,0.33685,0.33708,0.34197,0.34474,0.47683,0.47663,0.4867,0.49357,0.00242,0.00235,0.00233,0.00278,0.00872,0.00948,0.00875,0.00982,NA
2015-08-30,2015,242,66,grandrivergrass_2015_08_30_120008.jpg,109.61153,86.73674,58.65379,0.34014,0.42985,122.2252,6.60639,86.52194,3.80399,47.48095,3.58367,0.33769,0.00607,0.33998,0.34351,0.34476,0.47699,0.01593,0.47328,0.48827,0.49879,58.45494,NA,0,0,0,0,0.33651,0.33669,0.34155,0.34429,0.47697,0.4768,0.48671,0.49372,0.00246,0.00239,0.00234,0.00279,0.00887,0.00964,0.0089,0.00999,NA
2015-08-31,2015,243,NA,NA,NA,NA,NA,NA,NA,NA,NA,NA,NA,NA,NA,NA,NA,NA,NA,NA,NA,NA,NA,NA,NA,NA,NA,0,0,0,0,0.3365,0.33663,0.34125,0.34398,0.47622,0.47626,0.48586,0.49279,0.00241,0.00234,0.00232,0.00277,0.00868,0.00944,0.00872,0.00978,NA
2015-09-01,2015,244,NA,NA,NA,NA,NA,NA,NA,NA,NA,NA,NA,NA,NA,NA,NA,NA,NA,NA,NA,NA,NA,NA,NA,NA,NA,0,0,0,0,0.33682,0.33688,0.34113,0.34386,0.47472,0.47509,0.48414,0.4908,0.00232,0.00225,0.00228,0.00272,0.00836,0.00909,0.00839,0.00942,NA
2015-09-02,2015,245,65,grandrivergrass_2015_09_02_120008.jpg,115.2957,79.61026,43.79244,0.33352,0.48302,120.54575,7.43311,85.10189,4.03492,48.10077,4.30548,0.33552,0.00568,0.33399,0.33771,0.3432,0.47505,0.01531,0.47758,0.4837,0.49024,57.36157,NA,0,0,0,0,0.33735,0.33731,0.34115,0.3439,0.47277,0.47354,0.4819,0.48817,0.00228,0.00221,0.00224,0.00267,0.0082,0.00892,0.00824,0.00924,NA
2015-09-03,2015,246,NA,NA,NA,NA,NA,NA,NA,NA,NA,NA,NA,NA,NA,NA,NA,NA,NA,NA,NA,NA,NA,NA,NA,NA,NA,0,0,0,0,0.33795,0.3378,0.34127,0.34406,0.47068,0.4719,0.4795,0.48535,0.00232,0.00225,0.00221,0.00264,0.00836,0.00909,0.00839,0.00942,NA
2015-09-04,2015,247,NA,NA,NA,NA,NA,NA,NA,NA,NA,NA,NA,NA,NA,NA,NA,NA,NA,NA,NA,NA,NA,NA,NA,NA,NA,0,0,0,0,0.33848,0.33824,0.34146,0.34428,0.46875,0.47041,0.47732,0.48276,0.00241,0.00234,0.0022,0.00263,0.00868,0.00944,0.00872,0.00978,NA
2015-09-05,2015,248,61,grandrivergrass_2015_09_05_120006.jpg,118.86414,82.64205,46.6233,0.33306,0.47904,122.07764,5.71093,86.9446,4.1506,49.51523,4.00761,0.33635,0.00259,0.33578,0.33781,0.34027,0.47234,0.00853,0.47299,0.4766,0.47867,56.24732,NA,0,0,0,0,0.33882,0.3385,0.34168,0.34453,0.46728,0.46933,0.47571,0.48083,0.00246,0.00239,0.00223,0.00266,0.00887,0.00964,0.0089,0.00999,NA
2015-09-06,2015,249,NA,NA,NA,NA,NA,NA,NA,NA,NA,NA,NA,NA,NA,NA,NA,NA,NA,NA,NA,NA,NA,NA,NA,NA,NA,0,0,0,0,0.33912,0.33868,0.34188,0.34476,0.46581,0.46838,0.47417,0.47886,0.00242,0.00235,0.00227,0.0027,0.00872,0.00948,0.00875,0.00982,NA
2015-09-07,2015,250,NA,NA,NA,NA,NA,NA,NA,NA,NA,NA,NA,NA,NA,NA,NA,NA,NA,NA,NA,NA,NA,NA,NA,NA,NA,0,0,0,0,0.3395,0.33894,0.34203,0.34492,0.46408,0.46731,0.47237,0.47651,0.00242,0.00235,0.0023,0.00275,0.00872,0.00948,0.00875,0.00982,NA
2015-09-08,2015,251,66,grandrivergrass_2015_09_08_120006.jpg,118.49325,88.88977,49.4009,0.34617,0.46145,119.00394,7.99952,90.47238,3.66006,52.52098,4.59585,0.34543,0.00476,0.34566,0.34861,0.35096,0.45406,0.0189,0.45839,0.46549,0.47022,55.15381,NA,0,0,0,0,0.33983,0.33917,0.34209,0.34498,0.46268,0.46642,0.47099,0.47472,0.00246,0.00239,0.00232,0.00277,0.00887,0.00964,0.0089,0.00999,NA
2015-09-09,2015,252,NA,NA,NA,NA,NA,NA,NA,NA,NA,NA,NA,NA,NA,NA,NA,NA,NA,NA,NA,NA,NA,NA,NA,NA,NA,0,0,0,0,0.34008,0.33938,0.3422,0.34507,0.46174,0.46579,0.47022,0.47379,0.00241,0.00234,0.0023,0.00275,0.00868,0.00944,0.00872,0.00978,NA
2015-09-10,2015,253,NA,NA,NA,NA,NA,NA,NA,NA,NA,NA,NA,NA,NA,NA,NA,NA,NA,NA,NA,NA,NA,NA,NA,NA,NA,0,0,0,0,0.34033,0.33963,0.34249,0.34534,0.46093,0.46527,0.46978,0.47327,0.00232,0.00225,0.00226,0.0027,0.00836,0.00909,0.00839,0.00942,NA
2015-09-11,2015,254,65,grandrivergrass_2015_09_11_120006.jpg,142.78173,106.35892,66.22348,0.33726,0.45275,124.07589,8.02076,92.55155,4.76406,55.34077,6.42658,0.34044,0.0035,0.33933,0.34254,0.34492,0.45636,0.01806,0.46265,0.46647,0.47047,54.04711,NA,0,0,0,0,0.34057,0.33989,0.34289,0.34573,0.46026,0.46484,0.46955,0.47304,0.00228,0.00221,0.00222,0.00265,0.0082,0.00892,0.00824,0.00924,NA
2015-09-12,2015,255,NA,NA,NA,NA,NA,NA,NA,NA,NA,NA,NA,NA,NA,NA,NA,NA,NA,NA,NA,NA,NA,NA,NA,NA,NA,0,0,0,0,0.34079,0.34014,0.34336,0.34618,0.45969,0.46446,0.46943,0.47297,0.00232,0.00225,0.0022,0.00262,0.00836,0.00909,0.00839,0.00942,NA
2015-09-13,2015,256,NA,NA,NA,NA,NA,NA,NA,NA,NA,NA,NA,NA,NA,NA,NA,NA,NA,NA,NA,NA,NA,NA,NA,NA,NA,0,0,0,0,0.34097,0.34036,0.34384,0.34663,0.45922,0.46411,0.46932,0.47293,0.00241,0.00234,0.0022,0.00262,0.00868,0.00944,0.00872,0.00978,NA
2015-09-14,2015,257,65,grandrivergrass_2015_09_14_120007.jpg,114.8209,79.24768,44.1405,0.33268,0.48202,119.19244,5.19582,85.87014,4.19563,49.9705,5.77862,0.33673,0.00275,0.33617,0.33871,0.34074,0.46776,0.01535,0.47096,0.47542,0.47867,52.92508,NA,0,0,0,0,0.3411,0.34052,0.34426,0.34703,0.45882,0.46377,0.46911,0.47281,0.00246,0.00239,0.00222,0.00265,0.00887,0.00964,0.0089,0.00999,NA
2015-09-15,2015,258,NA,NA,NA,NA,NA,NA,NA,NA,NA,NA,NA,NA,NA,NA,NA,NA,NA,NA,NA,NA,NA,NA,NA,NA,NA,0,0,0,0,0.34114,0.34063,0.34458,0.34732,0.45876,0.46359,0.46903,0.47284,0.00242,0.00235,0.00226,0.0027,0.00872,0.00948,0.00875,0.00982,NA
2015-09-16,2015,259,NA,NA,NA,NA,NA,NA,NA,NA,NA,NA,NA,NA,NA,NA,NA,NA,NA,NA,NA,NA,NA,NA,NA,NA,NA,0,0,0,0,0.3411,0.3407,0.34473,0.34744,0.45903,0.46359,0.46918,0.47313,0.00242,0.00235,0.0023,0.00275,0.00872,0.00948,0.00875,0.00982,NA
2015-09-17,2015,260,63,grandrivergrass_2015_09_17_120007.jpg,120.7089,86.42171,50.53165,0.33541,0.46848,117.24602,7.01501,88.09891,3.75931,51.07645,4.59818,0.34372,0.0082,0.34299,0.34951,0.35533,0.45725,0.01769,0.4633,0.47,0.47409,51.79163,NA,0,0,0,0,0.34105,0.34071,0.34466,0.34734,0.45916,0.46354,0.46921,0.47329,0.00246,0.00239,0.00232,0.00277,0.00887,0.00964,0.0089,0.00999,NA
2015-09-18,2015,261,NA,NA,NA,NA,NA,NA,NA,NA,NA,NA,NA,NA,NA,NA,NA,NA,NA,NA,NA,NA,NA,NA,NA,NA,NA,0,0,0,0,0.34111,0.34079,0.34445,0.34709,0.45898,0.4633,0.46893,0.4732,0.00241,0.00234,0.0023,0.00275,0.00868,0.00944,0.00872,0.00978,NA
2015-09-19,2015,262,NA,NA,NA,NA,NA,NA,NA,NA,NA,NA,NA,NA,NA,NA,NA,NA,NA,NA,NA,NA,NA,NA,NA,NA,NA,0,0,0,0,0.34129,0.34099,0.34421,0.34681,0.45867,0.46292,0.46848,0.47301,0.00232,0.00225,0.00226,0.0027,0.00836,0.00909,0.00839,0.00942,NA
2015-09-20,2015,263,63,grandrivergrass_2015_09_20_120007.jpg,114.78662,81.98447,47.0982,0.33618,0.47069,118.0242,5.70337,87.93662,3.64005,52.36513,4.58971,0.34045,0.00302,0.3403,0.34316,0.34444,0.457,0.01399,0.46006,0.46535,0.46901,50.64818,NA,0,0,0,0,0.3415,0.34122,0.34393,0.34649,0.45832,0.46251,0.46796,0.47279,0.00228,0.00221,0.00222,0.00265,0.0082,0.00892,0.00824,0.00924,NA
2015-09-21,2015,264,NA,NA,NA,NA,NA,NA,NA,NA,NA,NA,NA,NA,NA,NA,NA,NA,NA,NA,NA,NA,NA,NA,NA,NA,NA,0,0,0,0,0.34164,0.34137,0.34359,0.34612,0.45802,0.46214,0.46747,0.4726,0.00232,0.00225,0.0022,0.00262,0.00836,0.00909,0.00839,0.00942,NA
2015-09-22,2015,265,NA,NA,NA,NA,NA,NA,NA,NA,NA,NA,NA,NA,NA,NA,NA,NA,NA,NA,NA,NA,NA,NA,NA,NA,NA,0,0,0,0,0.34161,0.34134,0.3432,0.34568,0.45788,0.4619,0.46712,0.4725,0.00241,0.00234,0.0022,0.00262,0.00868,0.00944,0.00872,0.00978,NA
2015-09-23,2015,266,60,grandrivergrass_2015_09_23_120007.jpg,118.85483,91.67283,53.64008,0.34703,0.44992,118.09171,5.40653,88.58348,2.92976,51.56113,4.03788,0.34308,0.0041,0.34408,0.34665,0.34786,0.45735,0.01465,0.45959,0.46678,0.47423,49.49746,NA,0,0,0,0,0.34131,0.34103,0.34273,0.34517,0.458,0.46188,0.46702,0.47256,0.00246,0.00239,0.00222,0.00265,0.00887,0.00964,0.0089,0.00999,NA
2015-09-24,2015,267,NA,NA,NA,NA,NA,NA,NA,NA,NA,NA,NA,NA,NA,NA,NA,NA,NA,NA,NA,NA,NA,NA,NA,NA,NA,0,0,0,0,0.34066,0.34033,0.34219,0.34458,0.45839,0.46213,0.46712,0.47274,0.00242,0.00235,0.00226,0.0027,0.00872,0.00948,0.00875,0.00982,NA
2015-09-25,2015,268,NA,NA,NA,NA,NA,NA,NA,NA,NA,NA,NA,NA,NA,NA,NA,NA,NA,NA,NA,NA,NA,NA,NA,NA,NA,0,0,0,0,0.33979,0.33938,0.34155,0.34389,0.45897,0.46257,0.46732,0.47297,0.00242,0.00235,0.0023,0.00275,0.00872,0.00948,0.00875,0.00982,NA
2015-09-26,2015,269,50,grandrivergrass_2015_09_26_103005.jpg,125.88668,90.51188,53.96524,0.33478,0.46562,119.43331,9.82149,87.65001,4.60996,52.32284,3.71721,0.33804,0.00349,0.33701,0.34045,0.34148,0.45985,0.01841,0.46518,0.46718,0.47142,48.3427,NA,0,0,0,0,0.33891,0.33845,0.34081,0.3431,0.45962,0.46303,0.46764,0.47333,0.00246,0.00239,0.00232,0.00277,0.00887,0.00964,0.0089,0.00999,NA
2015-09-27,2015,270,NA,NA,NA,NA,NA,NA,NA,NA,NA,NA,NA,NA,NA,NA,NA,NA,NA,NA,NA,NA,NA,NA,NA,NA,NA,0,0,0,0,0.33799,0.33754,0.33991,0.34214,0.46037,0.46347,0.46808,0.4738,0.00241,0.00234,0.0023,0.00275,0.00868,0.00944,0.00872,0.00978,NA
2015-09-28,2015,271,NA,NA,NA,NA,NA,NA,NA,NA,NA,NA,NA,NA,NA,NA,NA,NA,NA,NA,NA,NA,NA,NA,NA,NA,NA,0,0,0,0,0.3369,0.33645,0.33882,0.34098,0.46129,0.46401,0.46865,0.47437,0.00232,0.00225,0.00226,0.0027,0.00836,0.00909,0.00839,0.00942,NA
2015-09-29,2015,272,60,grandrivergrass_2015_09_29_120006.jpg,120.86167,91.10513,54.93541,0.34134,0.45283,119.5947,4.36026,87.13148,3.48148,51.83783,4.33789,0.33697,0.00466,0.33535,0.33971,0.34484,0.46277,0.01431,0.46589,0.47092,0.47881,47.18595,NA,0,0,0,0,0.33569,0.33524,0.33758,0.33966,0.46237,0.46466,0.46937,0.47504,0.00228,0.00221,0.00222,0.00265,0.0082,0.00892,0.00824,0.00924,NA
2015-09-30,2015,273,NA,NA,NA,NA,NA,NA,NA,NA,NA,NA,NA,NA,NA,NA,NA,NA,NA,NA,NA,NA,NA,NA,NA,NA,NA,0,0,0,0,0.3344,0.33397,0.33624,0.33823,0.46357,0.46543,0.47021,0.47585,0.00232,0.00225,0.0022,0.00262,0.00836,0.00909,0.00839,0.00942,NA
2015-10-01,2015,274,NA,NA,NA,NA,NA,NA,NA,NA,NA,NA,NA,NA,NA,NA,NA,NA,NA,NA,NA,NA,NA,NA,NA,NA,NA,0,0,0,0,0.33308,0.33268,0.33483,0.33673,0.46487,0.46634,0.47119,0.47679,0.00241,0.00234,0.0022,0.00262,0.00868,0.00944,0.00872,0.00978,NA
2015-10-02,2015,275,58,grandrivergrass_2015_10_02_120008.jpg,123.79479,86.16331,53.40021,0.32717,0.47006,124.25097,5.15031,87.08205,3.77214,53.47401,3.54388,0.32887,0.00262,0.3291,0.3307,0.33236,0.46932,0.00729,0.4699,0.47439,0.47703,46.02993,NA,0,0,0,0,0.3318,0.33143,0.33339,0.33521,0.46624,0.46741,0.47231,0.4779,0.00246,0.00239,0.00222,0.00265,0.00887,0.00964,0.0089,0.00999,NA
2015-10-03,2015,276,NA,NA,NA,NA,NA,NA,NA,NA,NA,NA,NA,NA,NA,NA,NA,NA,NA,NA,NA,NA,NA,NA,NA,NA,NA,0,0,0,0,0.33045,0.33019,0.33197,0.3337,0.46784,0.46865,0.47362,0.47927,0.00242,0.00235,0.00226,0.0027,0.00872,0.00948,0.00875,0.00982,NA
2015-10-04,2015,277,NA,NA,NA,NA,NA,NA,NA,NA,NA,NA,NA,NA,NA,NA,NA,NA,NA,NA,NA,NA,NA,NA,NA,NA,NA,0,0,0,0,0.32901,0.32891,0.3306,0.33226,0.46965,0.47003,0.47509,0.48086,0.00242,0.00235,0.0023,0.00275,0.00872,0.00948,0.00875,0.00982,NA
2015-10-05,2015,278,57,grandrivergrass_2015_10_05_120007.jpg,126.86429,89.45627,55.63456,0.32894,0.46649,121.78678,3.75244,86.95469,2.56617,54.61392,4.06005,0.33016,0.0023,0.3307,0.3317,0.33217,0.46261,0.01408,0.4618,0.46965,0.47572,44.87711,NA,0,0,0,0,0.3276,0.32762,0.32931,0.33093,0.47136,0.47144,0.47659,0.4824,0.00246,0.00239,0.00232,0.00277,0.00887,0.00964,0.0089,0.00999,NA
2015-10-06,2015,279,NA,NA,NA,NA,NA,NA,NA,NA,NA,NA,NA,NA,NA,NA,NA,NA,NA,NA,NA,NA,NA,NA,NA,NA,NA,0,0,0,0,0.32623,0.3263,0.32792,0.32948,0.47298,0.473,0.47817,0.4839,0.00241,0.00234,0.0023,0.00275,0.00868,0.00944,0.00872,0.00978,NA
2015-10-07,2015,280,NA,NA,NA,NA,NA,NA,NA,NA,NA,NA,NA,NA,NA,NA,NA,NA,NA,NA,NA,NA,NA,NA,NA,NA,NA,0,0,0,0,0.32483,0.32494,0.32627,0.32776,0.47469,0.47479,0.47991,0.48549,0.00232,0.00225,0.00227,0.00271,0.00836,0.00909,0.00839,0.00942,NA
2015-10-08,2015,281,38,grandrivergrass_2015_10_08_120007.jpg,126.45574,83.53821,50.74049,0.3204,0.485,126.60767,4.1771,84.49708,3.38852,50.71166,3.46186,0.32273,0.00193,0.32271,0.32358,0.32515,0.48375,0.00758,0.48314,0.4864,0.4941,43.73101,NA,0,0,0,0,0.3234,0.32353,0.3245,0.32591,0.47646,0.47674,0.48178,0.48718,0.00228,0.00221,0.00226,0.0027,0.0082,0.00892,0.00824,0.00924,NA
2015-10-09,2015,282,NA,NA,NA,NA,NA,NA,NA,NA,NA,NA,NA,NA,NA,NA,NA,NA,NA,NA,NA,NA,NA,NA,NA,NA,NA,0,0,0,0,0.32196,0.32211,0.32274,0.32408,0.47828,0.47877,0.48374,0.48896,0.00232,0.00225,0.00227,0.00271,0.00836,0.00909,0.00839,0.00942,NA
2015-10-10,2015,283,NA,NA,NA,NA,NA,NA,NA,NA,NA,NA,NA,NA,NA,NA,NA,NA,NA,NA,NA,NA,NA,NA,NA,NA,NA,0,0,0,0,0.32052,0.32067,0.32112,0.32242,0.48012,0.48079,0.48574,0.49084,0.00241,0.00234,0.0023,0.00275,0.00868,0.00944,0.00872,0.00978,NA
2015-10-11,2015,284,57,grandrivergrass_2015_10_11_120008.jpg,115.90696,73.30272,43.55825,0.31492,0.49795,125.0068,6.77187,82.61603,4.00119,51.71933,4.62833,0.31857,0.00244,0.31873,0.31963,0.32137,0.4821,0.01555,0.48376,0.48836,0.49309,42.59381,NA,0,0,0,0,0.31908,0.31923,0.31979,0.32106,0.48195,0.48272,0.48775,0.4928,0.00246,0.00239,0.00232,0.00277,0.00887,0.00964,0.0089,0.00999,NA
2015-10-12,2015,285,NA,NA,NA,NA,NA,NA,NA,NA,NA,NA,NA,NA,NA,NA,NA,NA,NA,NA,NA,NA,NA,NA,NA,NA,NA,0,0,0,0,0.31753,0.31768,0.31857,0.31982,0.48397,0.48478,0.49,0.49507,0.00241,0.00234,0.0023,0.00275,0.00868,0.00944,0.00872,0.00978,NA
2015-10-13,2015,286,NA,NA,NA,NA,NA,NA,NA,NA,NA,NA,NA,NA,NA,NA,NA,NA,NA,NA,NA,NA,NA,NA,NA,NA,NA,0,0,0,0,0.31583,0.31597,0.31728,0.31849,0.48624,0.4871,0.4926,0.49771,0.00232,0.00225,0.00227,0.00271,0.00836,0.00909,0.00839,0.00942,NA
2015-10-14,2015,287,57,grandrivergrass_2015_10_14_120006.jpg,125.84766,80.30874,50.53428,0.31286,0.49027,127.32526,5.88475,82.86034,4.03722,52.63494,3.91191,0.31527,0.00211,0.31517,0.31701,0.3179,0.48461,0.01044,0.48612,0.49274,0.49737,41.46908,NA,0,0,0,0,0.31408,0.3142,0.31598,0.31714,0.48859,0.48947,0.49534,0.5005,0.00228,0.00221,0.00226,0.0027,0.0082,0.00892,0.00824,0.00924,NA
2015-10-15,2015,288,NA,NA,NA,NA,NA,NA,NA,NA,NA,NA,NA,NA,NA,NA,NA,NA,NA,NA,NA,NA,NA,NA,NA,NA,NA,0,0,0,0,0.31239,0.31249,0.31472,0.31585,0.49082,0.49172,0.49798,0.50321,0.00232,0.00225,0.00227,0.00271,0.00836,0.00909,0.00839,0.00942,NA
2015-10-16,2015,289,NA,NA,NA,NA,NA,NA,NA,NA,NA,NA,NA,NA,NA,NA,NA,NA,NA,NA,NA,NA,NA,NA,NA,NA,NA,0,0,0,0,0.31088,0.31096,0.31358,0.3147,0.49275,0.49364,0.50031,0.50562,0.00241,0.00234,0.0023,0.00275,0.00868,0.00944,0.00872,0.00978,NA
2015-10-17,2015,290,57,grandrivergrass_2015_10_17_120006.jpg,120.60577,74.30982,46.40391,0.30793,0.49978,126.53628,4.84252,79.74741,4.20287,50.88223,4.04021,0.31004,0.00203,0.31013,0.31138,0.31275,0.49235,0.0094,0.49364,0.49978,0.50189,40.35991,NA,0,0,0,0,0.30965,0.30972,0.31262,0.31377,0.49419,0.49505,0.5021,0.50751,0.00246,0.00239,0.00232,0.00277,0.00887,0.00964,0.0089,0.00999,NA
2015-10-18,2015,291,NA,NA,NA,NA,NA,NA,NA,NA,NA,NA,NA,NA,NA,NA,NA,NA,NA,NA,NA,NA,NA,NA,NA,NA,NA,0,0,0,0,0.30867,0.30874,0.31181,0.31306,0.49528,0.49602,0.50349,0.50903,0.00241,0.00234,0.0023,0.00275,0.00868,0.00944,0.00872,0.00978,NA
2015-10-19,2015,292,NA,NA,NA,NA,NA,NA,NA,NA,NA,NA,NA,NA,NA,NA,NA,NA,NA,NA,NA,NA,NA,NA,NA,NA,NA,0,0,0,0,0.30782,0.30788,0.31109,0.31249,0.49625,0.49676,0.50471,0.51043,0.00232,0.00225,0.00226,0.0027,0.00836,0.00909,0.00839,0.00942,NA
2015-10-20,2015,293,52,grandrivergrass_2015_10_20_120009.jpg,123.2651,80.33844,56.83366,0.30848,0.4733,131.66011,5.97327,79.98399,4.17239,50.66453,4.1649,0.30487,0.00277,0.30524,0.3071,0.3078,0.50216,0.01281,0.50245,0.51007,0.51965,39.26927,NA,0,0,0,0,0.3071,0.30716,0.31045,0.31203,0.49703,0.49728,0.50574,0.51167,0.00228,0.00221,0.00222,0.00265,0.0082,0.00892,0.00824,0.00924,NA
2015-10-21,2015,294,NA,NA,NA,NA,NA,NA,NA,NA,NA,NA,NA,NA,NA,NA,NA,NA,NA,NA,NA,NA,NA,NA,NA,NA,NA,0,0,0,0,0.3065,0.30657,0.30988,0.31168,0.49755,0.49758,0.50652,0.51266,0.00232,0.00225,0.0022,0.00262,0.00836,0.00909,0.00839,0.00942,NA
2015-10-22,2015,295,NA,NA,NA,NA,NA,NA,NA,NA,NA,NA,NA,NA,NA,NA,NA,NA,NA,NA,NA,NA,NA,NA,NA,NA,NA,0,0,0,0,0.30603,0.3061,0.30938,0.3114,0.49777,0.49765,0.50701,0.51336,0.00241,0.00234,0.0022,0.00262,0.00868,0.00944,0.00872,0.00978,NA
2015-10-23,2015,296,50,grandrivergrass_2015_10_23_120009.jpg,132.06805,80.58536,51.50132,0.30507,0.49996,131.70725,5.12136,80.4916,3.56861,51.51294,3.76388,0.30517,0.00286,0.305,0.30731,0.30908,0.4996,0.01261,0.49765,0.51021,0.51794,38.20038,NA,0,0,0,0,0.30568,0.30574,0.30893,0.31118,0.4976,0.4975,0.50718,0.51369,0.00246,0.00239,0.00222,0.00265,0.00887,0.00964,0.0089,0.00999,NA
2015-10-24,2015,297,NA,NA,NA,NA,NA,NA,NA,NA,NA,NA,NA,NA,NA,NA,NA,NA,NA,NA,NA,NA,NA,NA,NA,NA,NA,0,0,0,0,0.30568,0.30575,0.30853,0.31099,0.49652,0.49664,0.50654,0.51312,0.00242,0.00235,0.00226,0.0027,0.00872,0.00948,0.00875,0.00982,NA
2015-10-25,2015,298,NA,NA,NA,NA,NA,NA,NA,NA,NA,NA,NA,NA,NA,NA,NA,NA,NA,NA,NA,NA,NA,NA,NA,NA,NA,0,0,0,0,0.30598,0.30605,0.30817,0.31082,0.49473,0.49517,0.50527,0.51186,0.00242,0.00235,0.0023,0.00275,0.00872,0.00948,0.00875,0.00982,NA
2015-10-26,2015,299,47,grandrivergrass_2015_10_26_120009.jpg,126.76024,79.14926,52.15171,0.30671,0.4912,128.97671,4.42446,79.80873,3.8433,51.67643,4.47589,0.30635,0.00287,0.30628,0.30779,0.31069,0.49551,0.01296,0.49705,0.50563,0.51096,36.8145,NA,0,0,0,0,0.30614,0.30622,0.30784,0.31063,0.49329,0.49401,0.50428,0.51096,0.00246,0.00239,0.00232,0.00277,0.00887,0.00964,0.0089,0.00999,NA
2015-10-27,2015,300,NA,NA,NA,NA,NA,NA,NA,NA,NA,NA,NA,NA,NA,NA,NA,NA,NA,NA,NA,NA,NA,NA,NA,NA,NA,0,0,0,0,0.30619,0.30624,0.30762,0.31053,0.49214,0.49313,0.50345,0.51037,0.00241,0.00234,0.0023,0.00275,0.00868,0.00944,0.00872,0.00978,NA
2015-10-28,2015,301,NA,NA,NA,NA,NA,NA,NA,NA,NA,NA,NA,NA,NA,NA,NA,NA,NA,NA,NA,NA,NA,NA,NA,NA,NA,0,0,0,0,0.30638,0.30641,0.30755,0.31061,0.49063,0.492,0.5022,0.50943,0.00232,0.00225,0.00226,0.0027,0.00836,0.00909,0.00839,0.00942,NA
2015-10-29,2015,302,51,grandrivergrass_2015_10_29_120009.jpg,129.0749,83.68886,56.84202,0.31041,0.47875,128.63066,5.84716,82.58151,4.10738,56.5304,5.48919,0.30838,0.00249,0.30862,0.30982,0.31142,0.48069,0.01601,0.481,0.49229,0.49804,36.14039,NA,0,0,0,0,0.30665,0.30665,0.30761,0.31082,0.48894,0.49075,0.50075,0.50831,0.00228,0.00221,0.00222,0.00265,0.0082,0.00892,0.00824,0.00924,NA
2015-10-30,2015,303,NA,NA,NA,NA,NA,NA,NA,NA,NA,NA,NA,NA,NA,NA,NA,NA,NA,NA,NA,NA,NA,NA,NA,NA,NA,0,0,0,0,0.30692,0.30688,0.30776,0.31112,0.48725,0.48951,0.49932,0.50717,0.00232,0.00225,0.0022,0.00262,0.00836,0.00909,0.00839,0.00942,NA
2015-10-31,2015,304,NA,NA,NA,NA,NA,NA,NA,NA,NA,NA,NA,NA,NA,NA,NA,NA,NA,NA,NA,NA,NA,NA,NA,NA,NA,0,0,0,0,0.30713,0.30705,0.30796,0.31147,0.48574,0.48841,0.49812,0.50617,0.00241,0.00234,0.0022,0.00262,0.00868,0.00944,0.00872,0.00978,NA
2015-11-01,2015,305,50,grandrivergrass_2015_11_01_120007.jpg,127.52113,78.94846,51.48452,0.30606,0.49436,126.2146,6.66909,80.20251,5.42595,54.1209,6.61413,0.30772,0.00468,0.3074,0.30987,0.31625,0.48502,0.02111,0.49275,0.50113,0.50716,35.15519,NA,0,0,0,0,0.30722,0.30708,0.30817,0.31182,0.48459,0.48758,0.49737,0.50548,0.00246,0.00239,0.00222,0.00265,0.00887,0.00964,0.0089,0.00999,NA
2015-11-02,2015,306,NA,NA,NA,NA,NA,NA,NA,NA,NA,NA,NA,NA,NA,NA,NA,NA,NA,NA,NA,NA,NA,NA,NA,NA,NA,0,0,0,0,0.3072,0.30699,0.30836,0.31214,0.48369,0.48682,0.497,0.5051,0.00242,0.00235,0.00226,0.0027,0.00872,0.00948,0.00875,0.00982,NA
2015-11-03,2015,307,NA,NA,NA,NA,NA,NA,NA,NA,NA,NA,NA,NA,NA,NA,NA,NA,NA,NA,NA,NA,NA,NA,NA,NA,NA,0,0,0,0,0.30716,0.30687,0.3085,0.31239,0.48289,0.48604,0.49677,0.50488,0.00242,0.00235,0.0023,0.00275,0.00872,0.00948,0.00875,0.00982,NA
2015-11-04,2015,308,51,grandrivergrass_2015_11_04_120008.jpg,127.04924,80.34199,55.30741,0.30583,0.48363,127.99696,7.53728,80.50619,4.21991,55.18868,6.38969,0.30524,0.00352,0.30564,0.30652,0.30923,0.48567,0.02292,0.48389,0.49604,0.51175,34.20384,NA,0,0,0,0,0.30707,0.3067,0.30854,0.31251,0.48225,0.48555,0.49671,0.50474,0.00246,0.00239,0.00232,0.00277,0.00887,0.00964,0.0089,0.00999,NA
2015-11-05,2015,309,NA,NA,NA,NA,NA,NA,NA,NA,NA,NA,NA,NA,NA,NA,NA,NA,NA,NA,NA,NA,NA,NA,NA,NA,NA,0,0,0,0,0.30689,0.3064,0.30855,0.31258,0.482,0.48572,0.49707,0.5048,0.00241,0.00234,0.00231,0.00275,0.00868,0.00944,0.00872,0.00978,NA
2015-11-06,2015,310,NA,NA,NA,NA,NA,NA,NA,NA,NA,NA,NA,NA,NA,NA,NA,NA,NA,NA,NA,NA,NA,NA,NA,NA,NA,0,0,0,0,0.30659,0.30595,0.30861,0.31269,0.48222,0.48652,0.49793,0.50516,0.00232,0.00225,0.00227,0.00271,0.00836,0.00909,0.00839,0.00942,NA
2015-11-07,2015,311,51,grandrivergrass_2015_11_07_120005.jpg,131.05592,80.353,52.82236,0.3041,0.49599,125.12233,8.30341,79.82442,5.71769,54.76429,6.86673,0.30727,0.00524,0.30524,0.30942,0.31684,0.48223,0.02357,0.49046,0.49974,0.50303,33.2894,NA,0,0,0,0,0.30623,0.30542,0.30871,0.31282,0.48269,0.48764,0.49906,0.50566,0.00228,0.00221,0.00223,0.00266,0.0082,0.00892,0.00824,0.00924,NA
2015-11-08,2015,312,NA,NA,NA,NA,NA,NA,NA,NA,NA,NA,NA,NA,NA,NA,NA,NA,NA,NA,NA,NA,NA,NA,NA,NA,NA,0,0,0,0,0.30584,0.30486,0.30883,0.31296,0.48321,0.48879,0.50023,0.50619,0.00232,0.00225,0.00221,0.00264,0.00836,0.00909,0.00839,0.00942,NA
2015-11-09,2015,313,NA,NA,NA,NA,NA,NA,NA,NA,NA,NA,NA,NA,NA,NA,NA,NA,NA,NA,NA,NA,NA,NA,NA,NA,NA,0,0,0,0,0.30548,0.30436,0.30894,0.31308,0.48358,0.48965,0.50122,0.50662,0.00241,0.00234,0.00221,0.00264,0.00868,0.00944,0.00872,0.00978,NA
2015-11-10,2015,314,47,grandrivergrass_2015_11_10_120006.jpg,138.32906,86.74409,59.26628,0.30507,0.48649,125.99931,8.96117,80.06648,4.67115,56.19739,6.20298,0.3053,0.00483,0.30518,0.30729,0.31172,0.48051,0.02347,0.4814,0.49864,0.50227,32.4149,NA,0,0,0,0,0.30519,0.30397,0.30903,0.31317,0.48357,0.48992,0.50179,0.50681,0.00246,0.00239,0.00224,0.00267,0.00887,0.00964,0.0089,0.00999,NA
2015-11-11,2015,315,NA,NA,NA,NA,NA,NA,NA,NA,NA,NA,NA,NA,NA,NA,NA,NA,NA,NA,NA,NA,NA,NA,NA,NA,NA,0,0,0,0,0.30484,0.30354,0.30909,0.31322,0.48363,0.49027,0.50235,0.50696,0.00242,0.00235,0.00228,0.00272,0.00872,0.00948,0.00875,0.00982,NA
2015-11-12,2015,316,NA,NA,NA,NA,NA,NA,NA,NA,NA,NA,NA,NA,NA,NA,NA,NA,NA,NA,NA,NA,NA,NA,NA,NA,NA,0,0,0,0,0.30443,0.30305,0.3091,0.3132,0.48384,0.49087,0.50306,0.50716,0.00242,0.00235,0.00232,0.00276,0.00872,0.00948,0.00875,0.00982,NA
2015-11-13,2015,317,44,grandrivergrass_2015_11_13_120007.jpg,107.95821,77.65005,60.24459,0.31584,0.43912,122.0813,9.32262,79.2759,6.03573,56.52332,7.24014,0.30732,0.00668,0.30558,0.31519,0.31572,0.47382,0.02697,0.48265,0.49888,0.50239,31.58335,NA,0,0,0,0,0.30416,0.30273,0.30903,0.3131,0.48351,0.49062,0.50331,0.50712,0.00246,0.00239,0.00233,0.00278,0.00887,0.00964,0.0089,0.00999,NA
2015-11-14,2015,318,NA,NA,NA,NA,NA,NA,NA,NA,NA,NA,NA,NA,NA,NA,NA,NA,NA,NA,NA,NA,NA,NA,NA,NA,NA,0,0,0,0,0.3041,0.30268,0.30892,0.31292,0.48238,0.48909,0.50309,0.50701,0.00242,0.00235,0.00231,0.00275,0.00871,0.00947,0.00875,0.00982,NA
2015-11-15,2015,319,NA,NA,NA,NA,NA,NA,NA,NA,NA,NA,NA,NA,NA,NA,NA,NA,NA,NA,NA,NA,NA,NA,NA,NA,NA,0,0,0,0,0.30416,0.30277,0.30879,0.31268,0.48082,0.48683,0.50275,0.50709,0.00235,0.00228,0.00227,0.00271,0.00847,0.00921,0.00851,0.00954,NA
2015-11-16,2015,320,44,grandrivergrass_2015_11_16_120006.jpg,134.44855,77.16041,50.11747,0.29481,0.5137,131.20615,5.79311,78.3393,2.31563,53.14145,5.44509,0.29819,0.00484,0.29618,0.30394,0.30511,0.49964,0.02344,0.51218,0.51654,0.52235,30.79766,NA,0,0,0,0,0.30428,0.30294,0.30866,0.3124,0.47903,0.48415,0.50227,0.50719,0.00234,0.00227,0.00224,0.00267,0.00844,0.00918,0.00848,0.00951,NA
2015-11-17,2015,321,NA,NA,NA,NA,NA,NA,NA,NA,NA,NA,NA,NA,NA,NA,NA,NA,NA,NA,NA,NA,NA,NA,NA,NA,NA,0,0,0,0,0.30439,0.30313,0.30851,0.31208,0.47721,0.48138,0.50159,0.50714,0.00242,0.00234,0.00223,0.00266,0.00871,0.00947,0.00874,0.00981,NA
2015-11-18,2015,322,NA,NA,NA,NA,NA,NA,NA,NA,NA,NA,NA,NA,NA,NA,NA,NA,NA,NA,NA,NA,NA,NA,NA,NA,NA,0,0,0,0,0.30443,0.30326,0.30834,0.31174,0.47555,0.47884,0.5007,0.50677,0.00252,0.00244,0.00225,0.00269,0.00907,0.00986,0.00911,0.01022,NA
2015-11-19,2015,323,44,grandrivergrass_2015_11_19_120007.jpg,102.30812,74.98091,59.18582,0.31708,0.43264,124.02754,7.07408,79.76366,3.8331,57.72552,5.63,0.30501,0.00561,0.30467,0.30751,0.31554,0.47443,0.02228,0.47283,0.49332,0.49878,30.06069,NA,0,0,0,0,0.30434,0.30327,0.30817,0.31141,0.47427,0.47685,0.49954,0.50591,0.00255,0.00247,0.0023,0.00274,0.00918,0.00999,0.00922,0.01035,NA
2015-11-20,2015,324,NA,NA,NA,NA,NA,NA,NA,NA,NA,NA,NA,NA,NA,NA,NA,NA,NA,NA,NA,NA,NA,NA,NA,NA,NA,0,0,0,0,0.30415,0.30326,0.30798,0.31109,0.47282,0.47441,0.49753,0.50405,0.00246,0.00239,0.00236,0.00281,0.00886,0.00964,0.0089,0.00998,NA
2015-11-21,2015,325,NA,NA,NA,NA,NA,NA,NA,NA,NA,NA,NA,NA,NA,NA,NA,NA,NA,NA,NA,NA,NA,NA,NA,NA,NA,0,0,0,0,0.30394,0.3033,0.30778,0.31079,0.47105,0.47135,0.49485,0.50151,0.00242,0.00235,0.00241,0.00288,0.00871,0.00947,0.00875,0.00981,NA
2015-11-22,2015,326,45,grandrivergrass_2015_11_22_120008.jpg,94.05754,68.93364,54.89959,0.31637,0.43167,116.81947,10.09616,80.86522,8.78931,64.65896,13.87453,0.3082,0.00537,0.30714,0.3132,0.31624,0.44725,0.03422,0.44199,0.48492,0.49257,29.37519,NA,0,0,0,0,0.30374,0.30328,0.30757,0.31054,0.46976,0.4692,0.49268,0.49938,0.00245,0.00238,0.00244,0.00291,0.00883,0.00961,0.00887,0.00995,NA
2015-11-23,2015,327,NA,NA,NA,NA,NA,NA,NA,NA,NA,NA,NA,NA,NA,NA,NA,NA,NA,NA,NA,NA,NA,NA,NA,NA,NA,0,0,0,0,0.30356,0.30319,0.30735,0.31033,0.46906,0.46823,0.49101,0.49758,0.00243,0.00235,0.00244,0.00291,0.00874,0.00951,0.00878,0.00985,NA
2015-11-24,2015,328,NA,NA,NA,NA,NA,NA,NA,NA,NA,NA,NA,NA,NA,NA,NA,NA,NA,NA,NA,NA,NA,NA,NA,NA,NA,0,0,0,0,0.30338,0.3031,0.30714,0.31016,0.46852,0.46767,0.4892,0.4955,0.0024,0.00233,0.00244,0.00292,0.00866,0.00942,0.00869,0.00976,NA
2015-11-25,2015,329,44,grandrivergrass_2015_11_25_120006.jpg,126.7984,84.04536,64.29411,0.30547,0.46085,127.47431,6.13442,80.95607,3.5306,58.42946,5.91855,0.30332,0.00421,0.30383,0.30559,0.30888,0.47795,0.02116,0.47903,0.4973,0.5048,28.74376,NA,0,0,0,0,0.30319,0.30299,0.30693,0.30999,0.46817,0.46747,0.48742,0.49338,0.00245,0.00238,0.00246,0.00294,0.00882,0.0096,0.00886,0.00994,NA
2015-11-26,2015,330,NA,NA,NA,NA,NA,NA,NA,NA,NA,NA,NA,NA,NA,NA,NA,NA,NA,NA,NA,NA,NA,NA,NA,NA,NA,0,0,0,0,0.30301,0.30287,0.30671,0.30984,0.46803,0.46758,0.48585,0.49146,0.00258,0.0025,0.0025,0.00299,0.00928,0.01009,0.00932,0.01046,NA
2015-11-27,2015,331,NA,NA,NA,NA,NA,NA,NA,NA,NA,NA,NA,NA,NA,NA,NA,NA,NA,NA,NA,NA,NA,NA,NA,NA,NA,0,0,0,0,0.30284,0.30273,0.30646,0.30967,0.46812,0.46795,0.48465,0.48999,0.00273,0.00264,0.00257,0.00306,0.00982,0.01068,0.00986,0.01106,NA
2015-11-28,2015,332,16,grandrivergrass_2015_11_28_100005.jpg,127.7821,82.34074,64.70157,0.29961,0.46496,125.32181,1.55363,79.04158,1.18129,60.92372,2.07357,0.29794,0.00089,0.29788,0.29855,0.29912,0.47245,0.00641,0.47297,0.47601,0.47946,28.16861,NA,0,0,0,0,0.30268,0.30257,0.30618,0.30947,0.46847,0.46853,0.484,0.48921,0.00281,0.00273,0.00264,0.00315,0.01012,0.01101,0.01016,0.01141,NA
2015-11-29,2015,333,NA,NA,NA,NA,NA,NA,NA,NA,NA,NA,NA,NA,NA,NA,NA,NA,NA,NA,NA,NA,NA,NA,NA,NA,NA,0,0,0,0,0.30256,0.30234,0.30586,0.30924,0.46964,0.4702,0.4839,0.48907,0.00278,0.0027,0.0027,0.00322,0.01002,0.0109,0.01006,0.01129,NA
2015-11-30,2015,334,NA,NA,NA,NA,NA,NA,NA,NA,NA,NA,NA,NA,NA,NA,NA,NA,NA,NA,NA,NA,NA,NA,NA,NA,NA,0,0,0,0,0.30244,0.30204,0.30549,0.30895,0.4715,0.47284,0.48412,0.48925,0.00282,0.00274,0.00273,0.00326,0.01016,0.01105,0.0102,0.01145,NA
2015-12-01,2015,335,0,None,NA,NA,NA,NA,NA,NA,NA,NA,NA,NA,NA,NA,NA,NA,NA,NA,NA,NA,NA,NA,NA,NA,NA,0,0,0,0,0.30228,0.30176,0.30506,0.3086,0.473,0.47488,0.48445,0.4896,0.0029,0.00281,0.0027,0.00323,0.01043,0.01135,0.01048,0.01176,NA
2015-12-02,2015,336,NA,NA,NA,NA,NA,NA,NA,NA,NA,NA,NA,NA,NA,NA,NA,NA,NA,NA,NA,NA,NA,NA,NA,NA,NA,0,0,0,0,0.30232,0.30169,0.30462,0.30823,0.4735,0.47554,0.48474,0.49006,0.00286,0.00278,0.00265,0.00316,0.01031,0.01122,0.01036,0.01162,NA
2015-12-03,2015,337,NA,NA,NA,NA,NA,NA,NA,NA,NA,NA,NA,NA,NA,NA,NA,NA,NA,NA,NA,NA,NA,NA,NA,NA,NA,0,0,0,0,0.30268,0.30188,0.3042,0.30788,0.47336,0.47542,0.48503,0.49074,0.00282,0.00273,0.00261,0.00311,0.01016,0.01105,0.0102,0.01144,NA
2015-12-04,2015,338,28,grandrivergrass_2015_12_04_120006.jpg,96.11323,69.72624,54.90808,0.31586,0.4354,123.20703,9.80642,80.44592,6.7624,58.66183,6.74687,0.30662,0.00548,0.30521,0.31109,0.31476,0.46997,0.02012,0.47489,0.48817,0.49197,27.05709,NA,0,0,0,0,0.30315,0.30216,0.30377,0.30753,0.47304,0.47506,0.48551,0.49168,0.00283,0.00274,0.00259,0.00309,0.01019,0.01108,0.01023,0.01148,NA
2015-12-05,2015,339,NA,NA,NA,NA,NA,NA,NA,NA,NA,NA,NA,NA,NA,NA,NA,NA,NA,NA,NA,NA,NA,NA,NA,NA,NA,0,0,0,0,0.30349,0.30233,0.30331,0.30715,0.47303,0.47499,0.48633,0.49293,0.00289,0.0028,0.0026,0.0031,0.01041,0.01132,0.01045,0.01173,NA
2015-12-06,2015,340,NA,NA,NA,NA,NA,NA,NA,NA,NA,NA,NA,NA,NA,NA,NA,NA,NA,NA,NA,NA,NA,NA,NA,NA,NA,0,0,0,0,0.30349,0.30223,0.30278,0.30671,0.47377,0.47573,0.48764,0.49455,0.00292,0.00284,0.00263,0.00314,0.01053,0.01145,0.01057,0.01187,NA
2015-12-07,2015,341,42,grandrivergrass_2015_12_07_120008.jpg,108.40922,77.5874,60.77769,0.31441,0.43931,128.50868,6.55789,79.91663,3.69728,58.15473,5.28072,0.29977,0.0053,0.29924,0.30122,0.30414,0.48223,0.01978,0.48019,0.49384,0.50326,26.80162,NA,0,0,0,0,0.30291,0.30168,0.30218,0.3062,0.47575,0.47782,0.48962,0.49658,0.00283,0.00275,0.00268,0.0032,0.0102,0.0111,0.01025,0.0115,NA
2015-12-08,2015,342,NA,NA,NA,NA,NA,NA,NA,NA,NA,NA,NA,NA,NA,NA,NA,NA,NA,NA,NA,NA,NA,NA,NA,NA,NA,0,0,0,0,0.30194,0.30081,0.30146,0.30558,0.47861,0.48079,0.49212,0.49914,0.00268,0.0026,0.00276,0.00329,0.00967,0.01051,0.00971,0.01089,NA
2015-12-09,2015,343,NA,NA,NA,NA,NA,NA,NA,NA,NA,NA,NA,NA,NA,NA,NA,NA,NA,NA,NA,NA,NA,NA,NA,NA,NA,0,0,0,0,0.30076,0.29977,0.3006,0.30483,0.48193,0.48417,0.49496,0.50207,0.00262,0.00254,0.00288,0.00344,0.00943,0.01025,0.00947,0.01062,NA
2015-12-10,2015,344,42,grandrivergrass_2015_12_10_120005.jpg,97.12792,70.43838,55.93717,0.31516,0.43457,124.06474,9.08654,78.75099,4.72252,57.97552,5.84661,0.30208,0.00497,0.30032,0.30242,0.31263,0.47569,0.01982,0.47972,0.4876,0.4957,26.47142,NA,0,0,0,0,0.29919,0.29841,0.29957,0.30393,0.48602,0.4885,0.49824,0.50503,0.00262,0.00254,0.0031,0.0037,0.00943,0.01026,0.00947,0.01063,NA
2015-12-11,2015,345,NA,NA,NA,NA,NA,NA,NA,NA,NA,NA,NA,NA,NA,NA,NA,NA,NA,NA,NA,NA,NA,NA,NA,NA,NA,0,0,0,0,0.29726,0.29678,0.29836,0.30277,0.49094,0.49386,0.50214,0.50808,0.00278,0.0027,0.00345,0.00412,0.01001,0.01089,0.01006,0.01128,NA
2015-12-12,2015,346,NA,NA,NA,NA,NA,NA,NA,NA,NA,NA,NA,NA,NA,NA,NA,NA,NA,NA,NA,NA,NA,NA,NA,NA,NA,0,0,0,0,0.29512,0.29502,0.29698,0.30126,0.49653,0.50001,0.50681,0.51154,0.00331,0.00321,0.00395,0.00472,0.01193,0.01297,0.01198,0.01344,NA
2015-12-13,2015,347,28,grandrivergrass_2015_12_13_120008.jpg,141.48887,78.99641,50.67821,0.29132,0.52178,131.92325,8.12038,75.77968,4.06524,52.29383,2.43869,0.29138,0.00215,0.29203,0.2928,0.294,0.50715,0.01134,0.51108,0.51586,0.51854,26.20677,NA,0,0,0,0,0.29275,0.29314,0.29542,0.29944,0.50285,0.50699,0.51232,0.51548,0.00437,0.00424,0.00464,0.00554,0.01574,0.01712,0.0158,0.01773,NA
2015-12-14,2015,348,NA,NA,NA,NA,NA,NA,NA,NA,NA,NA,NA,NA,NA,NA,NA,NA,NA,NA,NA,NA,NA,NA,NA,NA,NA,0,0,0,0,0.29014,0.29112,0.29371,0.29732,0.50997,0.51484,0.51876,0.51998,0.02,0.02,0.02,0.02,0.02,0.02,0.02,0.02,1
2015-12-15,2015,349,NA,NA,NA,NA,NA,NA,NA,NA,NA,NA,NA,NA,NA,NA,NA,NA,NA,NA,NA,NA,NA,NA,NA,NA,NA,0,0,0,0,0.28727,0.28895,0.29184,0.29492,0.51795,0.52359,0.5262,0.5251,0.02,0.02,0.02,0.02,0.02,0.02,0.02,0.02,1
2015-12-16,2015,350,0,None,NA,NA,NA,NA,NA,NA,NA,NA,NA,NA,NA,NA,NA,NA,NA,NA,NA,NA,NA,NA,NA,NA,NA,0,0,0,0,0.28413,0.28663,0.28983,0.29228,0.52685,0.53328,0.5347,0.53091,0.02,0.02,0.02,0.02,0.02,0.02,0.02,0.02,1
2015-12-17,2015,351,NA,NA,NA,NA,NA,NA,NA,NA,NA,NA,NA,NA,NA,NA,NA,NA,NA,NA,NA,NA,NA,NA,NA,NA,NA,0,0,0,0,0.28264,0.2856,0.28769,0.2894,0.52729,0.53322,0.53458,0.53019,0.02,0.02,0.02,0.02,0.02,0.02,0.02,0.02,1
2015-12-18,2015,352,NA,NA,NA,NA,NA,NA,NA,NA,NA,NA,NA,NA,NA,NA,NA,NA,NA,NA,NA,NA,NA,NA,NA,NA,NA,0,0,0,0,0.28307,0.28603,0.28542,0.28632,0.51803,0.52207,0.52452,0.52194,0.02,0.02,0.02,0.02,0.02,0.02,0.02,0.02,1
2015-12-19,2015,353,0,None,NA,NA,NA,NA,NA,NA,NA,NA,NA,NA,NA,NA,NA,NA,NA,NA,NA,NA,NA,NA,NA,NA,NA,0,0,0,0,0.28286,0.28603,0.28305,0.28306,0.51138,0.51384,0.5172,0.51561,0.02,0.02,0.02,0.02,0.02,0.02,0.02,0.02,1
2015-12-20,2015,354,NA,NA,NA,NA,NA,NA,NA,NA,NA,NA,NA,NA,NA,NA,NA,NA,NA,NA,NA,NA,NA,NA,NA,NA,NA,0,0,0,0,0.28325,0.28655,0.28158,0.28109,0.50334,0.50522,0.50916,0.50789,0.02,0.02,0.02,0.02,0.02,0.02,0.02,0.02,1
2015-12-21,2015,355,NA,NA,NA,NA,NA,NA,NA,NA,NA,NA,NA,NA,NA,NA,NA,NA,NA,NA,NA,NA,NA,NA,NA,NA,NA,0,0,0,0,0.28632,0.28918,0.28168,0.28134,0.48494,0.48666,0.49152,0.4918,0.02,0.02,0.02,0.02,0.02,0.02,0.02,0.02,1
2015-12-22,2015,356,0,None,NA,NA,NA,NA,NA,NA,NA,NA,NA,NA,NA,NA,NA,NA,NA,NA,NA,NA,NA,NA,NA,NA,NA,0,0,0,0,0.29089,0.29296,0.28274,0.28295,0.46105,0.46286,0.4688,0.47131,0.02,0.02,0.02,0.02,0.02,0.02,0.02,0.02,1
2015-12-23,2015,357,NA,NA,NA,NA,NA,NA,NA,NA,NA,NA,NA,NA,NA,NA,NA,NA,NA,NA,NA,NA,NA,NA,NA,NA,NA,0,0,0,0,0.29576,0.29695,0.28419,0.28508,0.43651,0.43851,0.44553,0.45034,0.02,0.02,0.02,0.02,0.02,0.02,0.02,0.02,1
2015-12-24,2015,358,NA,NA,NA,NA,NA,NA,NA,NA,NA,NA,NA,NA,NA,NA,NA,NA,NA,NA,NA,NA,NA,NA,NA,NA,NA,0,0,0,0,0.29971,0.30019,0.28544,0.28688,0.41619,0.41831,0.42624,0.43285,0.02,0.02,0.02,0.02,0.02,0.02,0.02,0.02,1
2015-12-25,2015,359,0,None,NA,NA,NA,NA,NA,NA,NA,NA,NA,NA,NA,NA,NA,NA,NA,NA,NA,NA,NA,NA,NA,NA,NA,0,0,0,0,0.30156,0.30174,0.28591,0.2875,0.40494,0.40695,0.41546,0.42278,0.02,0.02,0.02,0.02,0.02,0.02,0.02,0.02,1
2015-12-26,2015,360,NA,NA,NA,NA,NA,NA,NA,NA,NA,NA,NA,NA,NA,NA,NA,NA,NA,NA,NA,NA,NA,NA,NA,NA,NA,0,0,0,0,0.30194,0.30211,0.28651,0.28774,0.39916,0.40082,0.40964,0.41674,0.02,0.02,0.02,0.02,0.02,0.02,0.02,0.02,1
2015-12-27,2015,361,NA,NA,NA,NA,NA,NA,NA,NA,NA,NA,NA,NA,NA,NA,NA,NA,NA,NA,NA,NA,NA,NA,NA,NA,NA,0,0,0,0,0.30229,0.30246,0.2882,0.28874,0.39265,0.39384,0.40292,0.40951,0.02,0.02,0.02,0.02,0.02,0.02,0.02,0.02,1
2015-12-28,2015,362,0,None,NA,NA,NA,NA,NA,NA,NA,NA,NA,NA,NA,NA,NA,NA,NA,NA,NA,NA,NA,NA,NA,NA,NA,0,0,0,0,0.30259,0.30276,0.29047,0.29017,0.3863,0.38698,0.39633,0.40231,0.02,0.02,0.02,0.02,0.02,0.02,0.02,0.02,1
2015-12-29,2015,363,NA,NA,NA,NA,NA,NA,NA,NA,NA,NA,NA,NA,NA,NA,NA,NA,NA,NA,NA,NA,NA,NA,NA,NA,NA,0,0,0,0,0.30282,0.30298,0.29283,0.29169,0.381,0.38122,0.39093,0.39634,0.02,0.02,0.02,0.02,0.02,0.02,0.02,0.02,1
2015-12-30,2015,364,NA,NA,NA,NA,NA,NA,NA,NA,NA,NA,NA,NA,NA,NA,NA,NA,NA,NA,NA,NA,NA,NA,NA,NA,NA,0,0,0,0,0.30294,0.3031,0.29476,0.29296,0.37767,0.37753,0.38773,0.39282,0.02,0.02,0.02,0.02,0.02,0.02,0.02,0.02,1
2015-12-31,2015,365,0,None,NA,NA,NA,NA,NA,NA,NA,NA,NA,NA,NA,NA,NA,NA,NA,NA,NA,NA,NA,NA,NA,NA,NA,0,0,0,0,0.30295,0.30309,0.29577,0.29367,0.3772,0.37689,0.38778,0.39295,0.02,0.02,0.02,0.02,0.02,0.02,0.02,0.02,1
2016-01-01,2016,1,NA,NA,NA,NA,NA,NA,NA,NA,NA,NA,NA,NA,NA,NA,NA,NA,NA,NA,NA,NA,NA,NA,NA,NA,NA,0,0,0,0,0.30255,0.30268,0.29652,0.29453,0.38206,0.38213,0.39347,0.39912,0.02,0.02,0.02,0.02,0.02,0.02,0.02,0.02,1
2016-01-02,2016,2,0,None,NA,NA,NA,NA,NA,NA,NA,NA,NA,NA,NA,NA,NA,NA,NA,NA,NA,NA,NA,NA,NA,NA,NA,0,0,0,0,0.30168,0.30179,0.29789,0.29633,0.39207,0.39308,0.40439,0.41074,0.02,0.02,0.02,0.02,0.02,0.02,0.02,0.02,1
2016-01-03,2016,3,NA,NA,NA,NA,NA,NA,NA,NA,NA,NA,NA,NA,NA,NA,NA,NA,NA,NA,NA,NA,NA,NA,NA,NA,NA,0,0,0,0,0.30065,0.30075,0.29967,0.29874,0.4041,0.4062,0.41742,0.4246,0.02,0.02,0.02,0.02,0.02,0.02,0.02,0.02,1
2016-01-04,2016,4,NA,NA,NA,NA,NA,NA,NA,NA,NA,NA,NA,NA,NA,NA,NA,NA,NA,NA,NA,NA,NA,NA,NA,NA,NA,0,0,0,0,0.29976,0.29986,0.30166,0.30146,0.41506,0.41794,0.42943,0.43748,0.02,0.02,0.02,0.02,0.02,0.02,0.02,0.02,1
2016-01-05,2016,5,0,None,NA,NA,NA,NA,NA,NA,NA,NA,NA,NA,NA,NA,NA,NA,NA,NA,NA,NA,NA,NA,NA,NA,NA,0,0,0,0,0.29932,0.29943,0.30365,0.30418,0.42183,0.42474,0.4373,0.44618,0.02,0.02,0.02,0.02,0.02,0.02,0.02,0.02,1
2016-01-06,2016,6,NA,NA,NA,NA,NA,NA,NA,NA,NA,NA,NA,NA,NA,NA,NA,NA,NA,NA,NA,NA,NA,NA,NA,NA,NA,0,0,0,0,0.29994,0.30026,0.30543,0.3066,0.43335,0.42766,0.45825,0.47224,0.02,0.02,0.02,0.02,0.02,0.02,0.02,0.02,1
2016-01-07,2016,7,NA,NA,NA,NA,NA,NA,NA,NA,NA,NA,NA,NA,NA,NA,NA,NA,NA,NA,NA,NA,NA,NA,NA,NA,NA,0,0,0,0,0.30129,0.30198,0.30679,0.3084,0.45148,0.42981,0.49328,0.51628,0.02,0.02,0.02,0.02,0.02,0.02,0.02,0.02,1
2016-01-08,2016,8,0,None,NA,NA,NA,NA,NA,NA,NA,NA,NA,NA,NA,NA,NA,NA,NA,NA,NA,NA,NA,NA,NA,NA,NA,0,0,0,0,0.30223,0.30316,0.30754,0.30929,0.46252,0.43075,0.51499,0.54377,0.02,0.02,0.02,0.02,0.02,0.02,0.02,0.02,1
2016-01-09,2016,9,NA,NA,NA,NA,NA,NA,NA,NA,NA,NA,NA,NA,NA,NA,NA,NA,NA,NA,NA,NA,NA,NA,NA,NA,NA,0,0,0,0,0.30244,0.30347,0.30788,0.30959,0.46842,0.43312,0.52497,0.55595,0.02,0.02,0.02,0.02,0.02,0.02,0.02,0.02,1
2016-01-10,2016,10,NA,NA,NA,NA,NA,NA,NA,NA,NA,NA,NA,NA,NA,NA,NA,NA,NA,NA,NA,NA,NA,NA,NA,NA,NA,0,0,0,0,0.30248,0.30363,0.30816,0.30983,0.47751,0.43788,0.53922,0.5727,0.02,0.02,0.02,0.02,0.02,0.02,0.02,0.02,1
2016-01-11,2016,11,0,None,NA,NA,NA,NA,NA,NA,NA,NA,NA,NA,NA,NA,NA,NA,NA,NA,NA,NA,NA,NA,NA,NA,NA,0,0,0,0,0.3025,0.30376,0.30839,0.31002,0.48562,0.44217,0.55187,0.58747,0.02,0.02,0.02,0.02,0.02,0.02,0.02,0.02,1
2016-01-12,2016,12,NA,NA,NA,NA,NA,NA,NA,NA,NA,NA,NA,NA,NA,NA,NA,NA,NA,NA,NA,NA,NA,NA,NA,NA,NA,0,0,0,0,0.30267,0.30401,0.3086,0.31019,0.4886,0.4431,0.55704,0.59369,0.02,0.02,0.02,0.02,0.02,0.02,0.02,0.02,1
2016-01-13,2016,13,NA,NA,NA,NA,NA,NA,NA,NA,NA,NA,NA,NA,NA,NA,NA,NA,NA,NA,NA,NA,NA,NA,NA,NA,NA,0,0,0,0,0.30318,0.30448,0.3088,0.31034,0.48228,0.43779,0.54887,0.58481,0.02,0.02,0.02,0.02,0.02,0.02,0.02,0.02,1
2016-01-14,2016,14,0,None,NA,NA,NA,NA,NA,NA,NA,NA,NA,NA,NA,NA,NA,NA,NA,NA,NA,NA,NA,NA,NA,NA,NA,0,0,0,0,0.30418,0.30533,0.309,0.31049,0.4625,0.42337,0.52147,0.55427,0.02,0.02,0.02,0.02,0.02,0.02,0.02,0.02,1
2016-01-15,2016,15,NA,NA,NA,NA,NA,NA,NA,NA,NA,NA,NA,NA,NA,NA,NA,NA,NA,NA,NA,NA,NA,NA,NA,NA,NA,0,0,0,0,0.30536,0.3063,0.30923,0.31064,0.43741,0.40541,0.48639,0.51497,0.02,0.02,0.02,0.02,0.02,0.02,0.02,0.02,1
2016-01-16,2016,16,NA,NA,NA,NA,NA,NA,NA,NA,NA,NA,NA,NA,NA,NA,NA,NA,NA,NA,NA,NA,NA,NA,NA,NA,NA,0,0,0,0,0.30637,0.30713,0.3095,0.31081,0.4159,0.39011,0.45617,0.48096,0.02,0.02,0.02,0.02,0.02,0.02,0.02,0.02,1
2016-01-17,2016,17,44,grandrivergrass_2016_01_17_120007.jpg,98.41564,83.95602,88.30402,0.31017,0.36359,118.1381,11.26186,91.20621,8.78675,87.46312,16.21685,0.30727,0.00373,0.30792,0.30963,0.31086,0.39967,0.03786,0.37834,0.4336,0.4556,28.78664,NA,0,0,0,0,0.30733,0.30792,0.30982,0.31101,0.39496,0.37549,0.4265,0.4474,0.00435,0.00422,0.00493,0.00588,0.01569,0.01706,0.01575,0.01768,NA
2016-01-18,2016,18,NA,NA,NA,NA,NA,NA,NA,NA,NA,NA,NA,NA,NA,NA,NA,NA,NA,NA,NA,NA,NA,NA,NA,NA,NA,0,0,0,0,0.30822,0.30865,0.31014,0.3112,0.37513,0.36193,0.39817,0.4152,0.00333,0.00323,0.00416,0.00496,0.01199,0.01304,0.01204,0.01351,NA
2016-01-19,2016,19,NA,NA,NA,NA,NA,NA,NA,NA,NA,NA,NA,NA,NA,NA,NA,NA,NA,NA,NA,NA,NA,NA,NA,NA,NA,0,0,0,0,0.30893,0.30924,0.31039,0.31132,0.35905,0.35113,0.37494,0.38853,0.00314,0.00305,0.00378,0.00451,0.01131,0.0123,0.01136,0.01275,NA
2016-01-20,2016,20,44,grandrivergrass_2016_01_20_113006.jpg,127.71927,117.01416,133.02811,0.30976,0.33809,115.3567,12.18355,105.67902,10.33387,120.42156,12.23083,0.30952,0.0016,0.30965,0.31076,0.3117,0.33773,0.01107,0.33734,0.34342,0.35191,29.42769,NA,0,0,0,0,0.30945,0.30968,0.31057,0.31137,0.34676,0.3431,0.35686,0.36746,0.00337,0.00327,0.00364,0.00434,0.01215,0.01321,0.0122,0.01369,NA
2016-01-21,2016,21,NA,NA,NA,NA,NA,NA,NA,NA,NA,NA,NA,NA,NA,NA,NA,NA,NA,NA,NA,NA,NA,NA,NA,NA,NA,0,0,0,0,0.30978,0.30997,0.31067,0.31137,0.33831,0.33788,0.34401,0.35208,0.00359,0.00348,0.00361,0.0043,0.01294,0.01407,0.01299,0.01458,NA
2016-01-22,2016,22,NA,NA,NA,NA,NA,NA,NA,NA,NA,NA,NA,NA,NA,NA,NA,NA,NA,NA,NA,NA,NA,NA,NA,NA,NA,0,0,0,0,0.30991,0.31011,0.3107,0.3113,0.33375,0.33549,0.33645,0.34245,0.0036,0.0035,0.00361,0.0043,0.01298,0.01412,0.01304,0.01463,NA
2016-01-23,2016,23,45,grandrivergrass_2016_01_23_120006.jpg,118.0424,106.52389,119.08711,0.30997,0.34349,113.43169,13.30753,102.79125,11.07833,115.58222,12.02788,0.30978,0.0013,0.3101,0.31069,0.311,0.34164,0.00997,0.34157,0.3468,0.3532,30.12344,NA,0,0,0,0,0.30985,0.31008,0.31064,0.31117,0.33311,0.33596,0.33425,0.33864,0.00339,0.00329,0.00364,0.00434,0.01222,0.0133,0.01228,0.01378,NA
2016-01-24,2016,24,NA,NA,NA,NA,NA,NA,NA,NA,NA,NA,NA,NA,NA,NA,NA,NA,NA,NA,NA,NA,NA,NA,NA,NA,NA,0,0,0,0,0.30959,0.3099,0.31051,0.31098,0.33643,0.3393,0.33746,0.34073,0.00315,0.00305,0.00377,0.0045,0.01134,0.01234,0.01139,0.01278,NA
2016-01-25,2016,25,NA,NA,NA,NA,NA,NA,NA,NA,NA,NA,NA,NA,NA,NA,NA,NA,NA,NA,NA,NA,NA,NA,NA,NA,NA,0,0,0,0,0.30914,0.30957,0.31029,0.31074,0.34346,0.34536,0.34569,0.34829,0.00333,0.00323,0.00416,0.00496,0.01199,0.01304,0.01204,0.01351,NA
2016-01-26,2016,26,15,grandrivergrass_2016_01_25_160005.jpg,116.56413,103.8436,117.4664,0.30734,0.34499,116.94184,5.66246,102.47544,4.5899,112.73942,5.16447,0.30851,0.00168,0.30908,0.30989,0.31041,0.35205,0.00548,0.35257,0.35589,0.35766,30.36711,NA,0,0,0,0,0.30851,0.30907,0.30999,0.31045,0.3538,0.35387,0.35838,0.3607,0.00435,0.00422,0.00495,0.00591,0.01569,0.01706,0.01575,0.01768,NA
2016-01-27,2016,27,NA,NA,NA,NA,NA,NA,NA,NA,NA,NA,NA,NA,NA,NA,NA,NA,NA,NA,NA,NA,NA,NA,NA,NA,NA,0,0,0,0,0.30785,0.30853,0.30967,0.31015,0.36352,0.36214,0.37012,0.37215,0.02,0.02,0.02,0.02,0.02,0.02,0.02,0.02,1
2016-01-28,2016,28,NA,NA,NA,NA,NA,NA,NA,NA,NA,NA,NA,NA,NA,NA,NA,NA,NA,NA,NA,NA,NA,NA,NA,NA,NA,0,0,0,0,0.30727,0.308,0.30937,0.30988,0.36986,0.36822,0.37712,0.3786,0.02,0.02,0.02,0.02,0.02,0.02,0.02,0.02,1
2016-01-29,2016,29,0,None,NA,NA,NA,NA,NA,NA,NA,NA,NA,NA,NA,NA,NA,NA,NA,NA,NA,NA,NA,NA,NA,NA,NA,0,0,0,0,0.30673,0.30745,0.3091,0.30965,0.37417,0.37306,0.38123,0.38205,0.02,0.02,0.02,0.02,0.02,0.02,0.02,0.02,1
2016-01-30,2016,30,NA,NA,NA,NA,NA,NA,NA,NA,NA,NA,NA,NA,NA,NA,NA,NA,NA,NA,NA,NA,NA,NA,NA,NA,NA,0,0,0,0,0.30617,0.30686,0.30882,0.30942,0.37779,0.37759,0.3843,0.38448,0.02,0.02,0.02,0.02,0.02,0.02,0.02,0.02,1
2016-01-31,2016,31,NA,NA,NA,NA,NA,NA,NA,NA,NA,NA,NA,NA,NA,NA,NA,NA,NA,NA,NA,NA,NA,NA,NA,NA,NA,0,0,0,0,0.30555,0.30618,0.30853,0.3092,0.38206,0.38273,0.38819,0.38788,0.02,0.02,0.02,0.02,0.02,0.02,0.02,0.02,1
2016-02-01,2016,32,0,None,NA,NA,NA,NA,NA,NA,NA,NA,NA,NA,NA,NA,NA,NA,NA,NA,NA,NA,NA,NA,NA,NA,NA,0,0,0,0,0.3048,0.3054,0.30822,0.30897,0.38832,0.38942,0.39476,0.39424,0.02,0.02,0.02,0.02,0.02,0.02,0.02,0.02,1
2016-02-02,2016,33,NA,NA,NA,NA,NA,NA,NA,NA,NA,NA,NA,NA,NA,NA,NA,NA,NA,NA,NA,NA,NA,NA,NA,NA,NA,0,0,0,0,0.30424,0.30479,0.30786,0.30872,0.39448,0.39569,0.40166,0.4012,0.02,0.02,0.02,0.02,0.02,0.02,0.02,0.02,1
2016-02-03,2016,34,NA,NA,NA,NA,NA,NA,NA,NA,NA,NA,NA,NA,NA,NA,NA,NA,NA,NA,NA,NA,NA,NA,NA,NA,NA,0,0,0,0,0.30395,0.30443,0.30745,0.30843,0.39913,0.4005,0.40711,0.40687,0.02,0.02,0.02,0.02,0.02,0.02,0.02,0.02,1
2016-02-04,2016,35,0,None,NA,NA,NA,NA,NA,NA,NA,NA,NA,NA,NA,NA,NA,NA,NA,NA,NA,NA,NA,NA,NA,NA,NA,0,0,0,0,0.30355,0.30394,0.30697,0.30809,0.40472,0.40617,0.41373,0.41403,0.02,0.02,0.02,0.02,0.02,0.02,0.02,0.02,1
2016-02-05,2016,36,NA,NA,NA,NA,NA,NA,NA,NA,NA,NA,NA,NA,NA,NA,NA,NA,NA,NA,NA,NA,NA,NA,NA,NA,NA,0,0,0,0,0.30295,0.30323,0.30651,0.30776,0.41189,0.41334,0.42251,0.42384,0.02,0.02,0.02,0.02,0.02,0.02,0.02,0.02,1
2016-02-06,2016,37,NA,NA,NA,NA,NA,NA,NA,NA,NA,NA,NA,NA,NA,NA,NA,NA,NA,NA,NA,NA,NA,NA,NA,NA,NA,0,0,0,0,0.30233,0.30247,0.30614,0.30747,0.41932,0.4207,0.43201,0.43482,0.02,0.02,0.02,0.02,0.02,0.02,0.02,0.02,1
2016-02-07,2016,38,0,None,NA,NA,NA,NA,NA,NA,NA,NA,NA,NA,NA,NA,NA,NA,NA,NA,NA,NA,NA,NA,NA,NA,NA,0,0,0,0,0.30174,0.30174,0.30585,0.30722,0.42638,0.42767,0.4413,0.44574,0.02,0.02,0.02,0.02,0.02,0.02,0.02,0.02,1
2016-02-08,2016,39,NA,NA,NA,NA,NA,NA,NA,NA,NA,NA,NA,NA,NA,NA,NA,NA,NA,NA,NA,NA,NA,NA,NA,NA,NA,0,0,0,0,0.30125,0.30111,0.30563,0.307,0.43248,0.43367,0.44942,0.45537,0.02,0.02,0.02,0.02,0.02,0.02,0.02,0.02,1
2016-02-09,2016,40,NA,NA,NA,NA,NA,NA,NA,NA,NA,NA,NA,NA,NA,NA,NA,NA,NA,NA,NA,NA,NA,NA,NA,NA,NA,0,0,0,0,0.30089,0.30065,0.30545,0.3068,0.437,0.43814,0.45543,0.46247,0.02,0.02,0.02,0.02,0.02,0.02,0.02,0.02,1
2016-02-10,2016,41,0,None,NA,NA,NA,NA,NA,NA,NA,NA,NA,NA,NA,NA,NA,NA,NA,NA,NA,NA,NA,NA,NA,NA,NA,0,0,0,0,0.30071,0.30044,0.3053,0.30662,0.43933,0.4405,0.45839,0.4658,0.02,0.02,0.02,0.02,0.02,0.02,0.02,0.02,1
2016-02-11,2016,42,NA,NA,NA,NA,NA,NA,NA,NA,NA,NA,NA,NA,NA,NA,NA,NA,NA,NA,NA,NA,NA,NA,NA,NA,NA,0,0,0,0,0.30061,0.30028,0.30516,0.30644,0.44197,0.4434,0.46069,0.46783,0.02,0.02,0.02,0.02,0.02,0.02,0.02,0.02,1
2016-02-12,2016,43,NA,NA,NA,NA,NA,NA,NA,NA,NA,NA,NA,NA,NA,NA,NA,NA,NA,NA,NA,NA,NA,NA,NA,NA,NA,0,0,0,0,0.30047,0.30004,0.30501,0.30628,0.44618,0.44804,0.46418,0.47091,0.02,0.02,0.02,0.02,0.02,0.02,0.02,0.02,1
2016-02-13,2016,44,0,None,NA,NA,NA,NA,NA,NA,NA,NA,NA,NA,NA,NA,NA,NA,NA,NA,NA,NA,NA,NA,NA,NA,NA,0,0,0,0,0.30032,0.29985,0.30484,0.3061,0.44949,0.45162,0.46704,0.47367,0.02,0.02,0.02,0.02,0.02,0.02,0.02,0.02,1
2016-02-14,2016,45,NA,NA,NA,NA,NA,NA,NA,NA,NA,NA,NA,NA,NA,NA,NA,NA,NA,NA,NA,NA,NA,NA,NA,NA,NA,0,0,0,0,0.30009,0.29965,0.30459,0.30586,0.45224,0.45443,0.46969,0.47679,0.02,0.02,0.02,0.02,0.02,0.02,0.02,0.02,1
2016-02-15,2016,46,NA,NA,NA,NA,NA,NA,NA,NA,NA,NA,NA,NA,NA,NA,NA,NA,NA,NA,NA,NA,NA,NA,NA,NA,NA,0,0,0,0,0.29972,0.29935,0.30425,0.30551,0.45601,0.45825,0.47334,0.48133,0.02,0.02,0.02,0.02,0.02,0.02,0.02,0.02,1
2016-02-16,2016,47,0,None,NA,NA,NA,NA,NA,NA,NA,NA,NA,NA,NA,NA,NA,NA,NA,NA,NA,NA,NA,NA,NA,NA,NA,0,0,0,0,0.29929,0.29901,0.30384,0.30508,0.46025,0.4625,0.47741,0.48654,0.02,0.02,0.02,0.02,0.02,0.02,0.02,0.02,1
2016-02-17,2016,48,NA,NA,NA,NA,NA,NA,NA,NA,NA,NA,NA,NA,NA,NA,NA,NA,NA,NA,NA,NA,NA,NA,NA,NA,NA,0,0,0,0,0.29886,0.29869,0.30339,0.3046,0.46435,0.4666,0.48131,0.49165,0.02,0.02,0.02,0.02,0.02,0.02,0.02,0.02,1
2016-02-18,2016,49,NA,NA,NA,NA,NA,NA,NA,NA,NA,NA,NA,NA,NA,NA,NA,NA,NA,NA,NA,NA,NA,NA,NA,NA,NA,0,0,0,0,0.2985,0.29844,0.30294,0.30412,0.46775,0.46997,0.48445,0.49588,0.02,0.02,0.02,0.02,0.02,0.02,0.02,0.02,1
2016-02-19,2016,50,0,None,NA,NA,NA,NA,NA,NA,NA,NA,NA,NA,NA,NA,NA,NA,NA,NA,NA,NA,NA,NA,NA,NA,NA,0,0,0,0,0.2983,0.29833,0.30253,0.30366,0.46987,0.47204,0.48625,0.49849,0.02,0.02,0.02,0.02,0.02,0.02,0.02,0.02,1
2016-02-20,2016,51,NA,NA,NA,NA,NA,NA,NA,NA,NA,NA,NA,NA,NA,NA,NA,NA,NA,NA,NA,NA,NA,NA,NA,NA,NA,0,0,0,0,0.29822,0.29841,0.30217,0.30325,0.46959,0.47161,0.48574,0.49896,0.02,0.02,0.02,0.02,0.02,0.02,0.02,0.02,1
2016-02-21,2016,52,NA,NA,NA,NA,NA,NA,NA,NA,NA,NA,NA,NA,NA,NA,NA,NA,NA,NA,NA,NA,NA,NA,NA,NA,NA,0,0,0,0,0.29819,0.2986,0.3019,0.30293,0.46782,0.46958,0.48382,0.49831,0.02,0.02,0.02,0.02,0.02,0.02,0.02,0.02,1
2016-02-22,2016,53,0,None,NA,NA,NA,NA,NA,NA,NA,NA,NA,NA,NA,NA,NA,NA,NA,NA,NA,NA,NA,NA,NA,NA,NA,0,0,0,0,0.29818,0.29875,0.30176,0.30274,0.46704,0.46856,0.48275,0.49801,0.02,0.02,0.02,0.02,0.02,0.02,0.02,0.02,1
2016-02-23,2016,54,NA,NA,NA,NA,NA,NA,NA,NA,NA,NA,NA,NA,NA,NA,NA,NA,NA,NA,NA,NA,NA,NA,NA,NA,NA,0,0,0,0,0.29828,0.29893,0.30167,0.30256,0.46809,0.4692,0.4834,0.49791,0.02,0.02,0.02,0.02,0.02,0.02,0.02,0.02,1
2016-02-24,2016,55,NA,NA,NA,NA,NA,NA,NA,NA,NA,NA,NA,NA,NA,NA,NA,NA,NA,NA,NA,NA,NA,NA,NA,NA,NA,0,0,0,0,0.29855,0.29927,0.30154,0.30232,0.46984,0.4702,0.48472,0.49688,0.02,0.02,0.02,0.02,0.02,0.02,0.02,0.02,1
2016-02-25,2016,56,0,None,NA,NA,NA,NA,NA,NA,NA,NA,NA,NA,NA,NA,NA,NA,NA,NA,NA,NA,NA,NA,NA,NA,NA,0,0,0,0,0.29895,0.2997,0.30139,0.30204,0.47171,0.47125,0.48596,0.49495,0.02,0.02,0.02,0.02,0.02,0.02,0.02,0.02,1
2016-02-26,2016,57,NA,NA,NA,NA,NA,NA,NA,NA,NA,NA,NA,NA,NA,NA,NA,NA,NA,NA,NA,NA,NA,NA,NA,NA,NA,0,0,0,0,0.29942,0.30015,0.30124,0.30176,0.47314,0.47202,0.48642,0.49218,0.02,0.02,0.02,0.02,0.02,0.02,0.02,0.02,1
2016-02-27,2016,58,NA,NA,NA,NA,NA,NA,NA,NA,NA,NA,NA,NA,NA,NA,NA,NA,NA,NA,NA,NA,NA,NA,NA,NA,NA,0,0,0,0,0.29993,0.30052,0.30113,0.30153,0.47357,0.4722,0.48537,0.48859,0.02,0.02,0.02,0.02,0.02,0.02,0.02,0.02,1
2016-02-28,2016,59,0,None,NA,NA,NA,NA,NA,NA,NA,NA,NA,NA,NA,NA,NA,NA,NA,NA,NA,NA,NA,NA,NA,NA,NA,0,0,0,0,0.30042,0.30074,0.30107,0.30139,0.47244,0.47147,0.48209,0.48424,0.02,0.02,0.02,0.02,0.02,0.02,0.02,0.02,1
2016-02-29,2016,60,NA,NA,NA,NA,NA,NA,NA,NA,NA,NA,NA,NA,NA,NA,NA,NA,NA,NA,NA,NA,NA,NA,NA,NA,NA,0,0,0,0,0.30118,0.30106,0.30107,0.30137,0.46907,0.46909,0.47524,0.47733,0.02,0.02,0.02,0.02,0.02,0.02,0.02,0.02,1
2016-03-01,2016,61,NA,NA,NA,NA,NA,NA,NA,NA,NA,NA,NA,NA,NA,NA,NA,NA,NA,NA,NA,NA,NA,NA,NA,NA,NA,0,0,0,0,0.30205,0.3015,0.30118,0.30152,0.46521,0.46622,0.4677,0.46986,0.02,0.02,0.02,0.02,0.02,0.02,0.02,0.02,1
2016-03-02,2016,62,0,None,NA,NA,NA,NA,NA,NA,NA,NA,NA,NA,NA,NA,NA,NA,NA,NA,NA,NA,NA,NA,NA,NA,NA,0,0,0,0,0.30237,0.30163,0.30139,0.30187,0.46402,0.4654,0.46511,0.4675,0.02,0.02,0.02,0.02,0.02,0.02,0.02,0.02,1
2016-03-03,2016,63,NA,NA,NA,NA,NA,NA,NA,NA,NA,NA,NA,NA,NA,NA,NA,NA,NA,NA,NA,NA,NA,NA,NA,NA,NA,0,0,0,0,0.30214,0.3015,0.30168,0.30234,0.46544,0.46653,0.46734,0.47021,0.02,0.02,0.02,0.02,0.02,0.02,0.02,0.02,1
2016-03-04,2016,64,NA,NA,NA,NA,NA,NA,NA,NA,NA,NA,NA,NA,NA,NA,NA,NA,NA,NA,NA,NA,NA,NA,NA,NA,NA,0,0,0,0,0.30188,0.30142,0.30197,0.30279,0.46726,0.46778,0.47035,0.47394,0.02,0.02,0.02,0.02,0.02,0.02,0.02,0.02,1
2016-03-05,2016,65,50,grandrivergrass_2016_03_05_120005.jpg,126.36026,80.83043,61.10114,0.30128,0.47098,129.07782,6.13367,83.08224,4.3772,63.1288,3.9357,0.30176,0.00153,0.30149,0.30289,0.30366,0.46898,0.0072,0.46898,0.47345,0.47679,44.03355,NA,0,0,0,0,0.30161,0.30139,0.30227,0.30323,0.46931,0.46904,0.47389,0.47838,0.00437,0.00424,0.00475,0.00566,0.01574,0.01712,0.01581,0.01774,NA
2016-03-06,2016,66,NA,NA,NA,NA,NA,NA,NA,NA,NA,NA,NA,NA,NA,NA,NA,NA,NA,NA,NA,NA,NA,NA,NA,NA,NA,0,0,0,0,0.30134,0.30142,0.30258,0.30368,0.47143,0.47023,0.47771,0.48325,0.00331,0.00321,0.00401,0.00478,0.01193,0.01298,0.01198,0.01344,NA
2016-03-07,2016,67,NA,NA,NA,NA,NA,NA,NA,NA,NA,NA,NA,NA,NA,NA,NA,NA,NA,NA,NA,NA,NA,NA,NA,NA,NA,0,0,0,0,0.30112,0.30151,0.30293,0.30413,0.47345,0.47126,0.48155,0.48825,0.00279,0.0027,0.00346,0.00413,0.01004,0.01091,0.01008,0.01131,NA
2016-03-08,2016,68,57,grandrivergrass_2016_03_08_120007.jpg,125.05597,81.02384,63.07105,0.30104,0.46463,128.59703,5.91637,83.12129,4.09711,63.57609,3.7905,0.30188,0.0016,0.30158,0.30234,0.30376,0.46719,0.00895,0.46748,0.47172,0.47926,45.20199,NA,0,0,0,0,0.30095,0.30166,0.30329,0.30459,0.47522,0.47203,0.48516,0.49308,0.00264,0.00256,0.00307,0.00366,0.0095,0.01033,0.00954,0.0107,NA
2016-03-09,2016,69,NA,NA,NA,NA,NA,NA,NA,NA,NA,NA,NA,NA,NA,NA,NA,NA,NA,NA,NA,NA,NA,NA,NA,NA,NA,0,0,0,0,0.30099,0.30194,0.30366,0.30501,0.47577,0.47205,0.4873,0.49601,0.00263,0.00256,0.00279,0.00333,0.00949,0.01032,0.00953,0.01069,NA
2016-03-10,2016,70,NA,NA,NA,NA,NA,NA,NA,NA,NA,NA,NA,NA,NA,NA,NA,NA,NA,NA,NA,NA,NA,NA,NA,NA,NA,0,0,0,0,0.30131,0.30236,0.30399,0.30537,0.47467,0.47109,0.48733,0.49615,0.0026,0.00252,0.00261,0.00312,0.00935,0.01017,0.00939,0.01054,NA
2016-03-11,2016,71,58,grandrivergrass_2016_03_11_120007.jpg,141.17595,93.39494,71.05416,0.30559,0.46193,131.57991,6.79428,81.59991,6.18226,58.63224,6.92265,0.30003,0.00488,0.30229,0.30361,0.30523,0.48479,0.01906,0.47768,0.50522,0.51295,46.37707,NA,0,0,0,0,0.30181,0.30287,0.3043,0.30568,0.47247,0.46948,0.48589,0.49439,0.00253,0.00245,0.00249,0.00298,0.00912,0.00991,0.00915,0.01027,NA
2016-03-12,2016,72,NA,NA,NA,NA,NA,NA,NA,NA,NA,NA,NA,NA,NA,NA,NA,NA,NA,NA,NA,NA,NA,NA,NA,NA,NA,0,0,0,0,0.30239,0.3034,0.3046,0.30596,0.46976,0.46756,0.48364,0.49165,0.00249,0.00242,0.00243,0.0029,0.00898,0.00977,0.00902,0.01012,NA
2016-03-13,2016,73,NA,NA,NA,NA,NA,NA,NA,NA,NA,NA,NA,NA,NA,NA,NA,NA,NA,NA,NA,NA,NA,NA,NA,NA,NA,0,0,0,0,0.30296,0.30391,0.3049,0.30623,0.46709,0.46565,0.48122,0.48883,0.00251,0.00243,0.00242,0.00289,0.00904,0.00983,0.00908,0.01019,NA
2016-03-14,2016,74,60,grandrivergrass_2016_03_14_120008.jpg,121.38283,79.80179,60.17663,0.30533,0.46443,127.36592,6.32363,82.18901,5.12497,61.95385,6.92386,0.30259,0.00425,0.30388,0.30555,0.30706,0.46966,0.02072,0.46517,0.48174,0.49702,47.55556,NA,0,0,0,0,0.30342,0.30434,0.3052,0.30652,0.46506,0.4641,0.47928,0.48685,0.00255,0.00247,0.00245,0.00293,0.00918,0.00999,0.00922,0.01035,NA
2016-03-15,2016,75,NA,NA,NA,NA,NA,NA,NA,NA,NA,NA,NA,NA,NA,NA,NA,NA,NA,NA,NA,NA,NA,NA,NA,NA,NA,0,0,0,0,0.30382,0.3047,0.30551,0.3068,0.46322,0.46261,0.47713,0.48502,0.00252,0.00244,0.00249,0.00297,0.00907,0.00986,0.00911,0.01022,NA
2016-03-16,2016,76,NA,NA,NA,NA,NA,NA,NA,NA,NA,NA,NA,NA,NA,NA,NA,NA,NA,NA,NA,NA,NA,NA,NA,NA,NA,0,0,0,0,0.30427,0.30505,0.30581,0.30707,0.46093,0.4608,0.47398,0.48231,0.00242,0.00234,0.00248,0.00297,0.00871,0.00947,0.00874,0.00981,NA
2016-03-17,2016,77,52,grandrivergrass_2016_03_17_120008.jpg,143.68188,100.21421,80.11663,0.30929,0.44345,125.19644,8.70377,86.12921,4.43276,69.1843,5.48093,0.30701,0.00211,0.30678,0.30758,0.30931,0.44615,0.01902,0.45217,0.45749,0.45916,48.73474,NA,0,0,0,0,0.30474,0.30539,0.30611,0.30731,0.45845,0.45886,0.47031,0.47915,0.00234,0.00227,0.00245,0.00293,0.00844,0.00918,0.00848,0.00951,NA
2016-03-18,2016,78,NA,NA,NA,NA,NA,NA,NA,NA,NA,NA,NA,NA,NA,NA,NA,NA,NA,NA,NA,NA,NA,NA,NA,NA,NA,0,0,0,0,0.3052,0.30571,0.30641,0.30755,0.45604,0.45696,0.4666,0.47594,0.00235,0.00228,0.00241,0.00288,0.00847,0.00921,0.00851,0.00954,NA
2016-03-19,2016,79,NA,NA,NA,NA,NA,NA,NA,NA,NA,NA,NA,NA,NA,NA,NA,NA,NA,NA,NA,NA,NA,NA,NA,NA,NA,0,0,0,0,0.30563,0.30602,0.3067,0.30778,0.45395,0.4553,0.46333,0.47311,0.00242,0.00235,0.00238,0.00284,0.00871,0.00947,0.00875,0.00982,NA
2016-03-20,2016,80,61,grandrivergrass_2016_03_20_120008.jpg,117.1627,83.58563,72.95636,0.30539,0.42806,125.50659,8.89355,85.52451,5.3345,68.0767,6.11799,0.30637,0.00168,0.30634,0.30741,0.30845,0.44968,0.01805,0.4537,0.46084,0.46525,49.91144,NA,0,0,0,0,0.306,0.3063,0.30699,0.30802,0.45243,0.45404,0.46097,0.47106,0.00246,0.00239,0.00236,0.00281,0.00887,0.00964,0.0089,0.00999,NA
2016-03-21,2016,81,NA,NA,NA,NA,NA,NA,NA,NA,NA,NA,NA,NA,NA,NA,NA,NA,NA,NA,NA,NA,NA,NA,NA,NA,NA,0,0,0,0,0.30621,0.30648,0.30729,0.30825,0.45181,0.45338,0.4596,0.47012,0.00242,0.00235,0.00236,0.00281,0.00872,0.00948,0.00875,0.00982,NA
2016-03-22,2016,82,NA,NA,NA,NA,NA,NA,NA,NA,NA,NA,NA,NA,NA,NA,NA,NA,NA,NA,NA,NA,NA,NA,NA,NA,NA,0,0,0,0,0.30633,0.30658,0.30758,0.3085,0.45173,0.45306,0.45867,0.46977,0.00242,0.00235,0.00237,0.00283,0.00872,0.00948,0.00875,0.00982,NA
2016-03-23,2016,83,57,grandrivergrass_2016_03_23_120008.jpg,122.87441,82.91652,64.50014,0.30677,0.4546,125.24607,4.79401,84.10641,2.84677,65.63339,4.94786,0.30582,0.00297,0.30656,0.30702,0.30765,0.45564,0.01733,0.45375,0.45726,0.47497,51.08292,NA,0,0,0,0,0.30652,0.30675,0.30787,0.30876,0.45146,0.45264,0.45776,0.46916,0.00246,0.00239,0.00239,0.00285,0.00887,0.00964,0.0089,0.00999,NA
2016-03-24,2016,84,NA,NA,NA,NA,NA,NA,NA,NA,NA,NA,NA,NA,NA,NA,NA,NA,NA,NA,NA,NA,NA,NA,NA,NA,NA,0,0,0,0,0.30679,0.30701,0.3081,0.30897,0.45112,0.4522,0.45706,0.46847,0.00241,0.00234,0.00238,0.00284,0.00868,0.00944,0.00872,0.00978,NA
2016-03-25,2016,85,NA,NA,NA,NA,NA,NA,NA,NA,NA,NA,NA,NA,NA,NA,NA,NA,NA,NA,NA,NA,NA,NA,NA,NA,NA,0,0,0,0,0.30704,0.30727,0.30825,0.30908,0.4512,0.45203,0.45693,0.46827,0.00232,0.00225,0.00234,0.00279,0.00836,0.00909,0.00839,0.00942,NA
2016-03-26,2016,86,63,grandrivergrass_2016_03_26_120008.jpg,126.49634,78.78433,54.55011,0.30321,0.48684,123.30575,6.20682,83.04613,4.92532,64.83001,6.08795,0.30618,0.00189,0.30656,0.30751,0.30795,0.45506,0.01489,0.45314,0.46187,0.479,52.24704,NA,0,0,0,0,0.30728,0.30754,0.30834,0.30913,0.45148,0.452,0.45711,0.4683,0.00228,0.00221,0.00229,0.00273,0.0082,0.00892,0.00824,0.00924,NA
2016-03-27,2016,87,NA,NA,NA,NA,NA,NA,NA,NA,NA,NA,NA,NA,NA,NA,NA,NA,NA,NA,NA,NA,NA,NA,NA,NA,NA,0,0,0,0,0.30754,0.30782,0.3084,0.30915,0.45179,0.45201,0.45737,0.46833,0.00232,0.00225,0.00225,0.00269,0.00836,0.00909,0.00839,0.00942,NA
2016-03-28,2016,88,NA,NA,NA,NA,NA,NA,NA,NA,NA,NA,NA,NA,NA,NA,NA,NA,NA,NA,NA,NA,NA,NA,NA,NA,NA,0,0,0,0,0.30782,0.30811,0.30846,0.30918,0.45191,0.45193,0.45748,0.46811,0.00241,0.00234,0.00224,0.00267,0.00868,0.00944,0.00872,0.00978,NA
2016-03-29,2016,89,64,grandrivergrass_2016_03_29_120007.jpg,127.29355,87.53386,68.75448,0.30867,0.44888,120.8793,6.11766,82.13439,4.52763,63.53401,4.51989,0.3081,0.00145,0.30841,0.30943,0.30979,0.45366,0.00982,0.45509,0.46011,0.46516,53.40079,NA,0,0,0,0,0.30813,0.30842,0.30855,0.30924,0.45166,0.45164,0.45719,0.46739,0.00246,0.00239,0.00225,0.00268,0.00887,0.00964,0.0089,0.00999,NA
2016-03-30,2016,90,NA,NA,NA,NA,NA,NA,NA,NA,NA,NA,NA,NA,NA,NA,NA,NA,NA,NA,NA,NA,NA,NA,NA,NA,NA,0,0,0,0,0.30861,0.30885,0.3087,0.30938,0.45063,0.45094,0.45633,0.46552,0.00242,0.00235,0.00228,0.00272,0.00872,0.00948,0.00875,0.00982,NA
2016-03-31,2016,91,NA,NA,NA,NA,NA,NA,NA,NA,NA,NA,NA,NA,NA,NA,NA,NA,NA,NA,NA,NA,NA,NA,NA,NA,NA,0,0,0,0,0.3092,0.30936,0.30894,0.30962,0.44914,0.45,0.4552,0.46292,0.00242,0.00235,0.00231,0.00275,0.00872,0.00948,0.00875,0.00982,NA
2016-04-01,2016,92,65,grandrivergrass_2016_04_01_120007.jpg,125.5025,88.37533,70.99413,0.31023,0.44056,122.67343,6.07974,86.15509,3.90707,68.78908,4.70195,0.31032,0.00156,0.31032,0.31075,0.31167,0.44195,0.01272,0.44358,0.44788,0.45288,54.54178,NA,0,0,0,0,0.30967,0.30977,0.30931,0.31,0.44807,0.44933,0.45435,0.46093,0.00246,0.00239,0.00232,0.00277,0.00887,0.00964,0.0089,0.00999,NA
2016-04-02,2016,93,NA,NA,NA,NA,NA,NA,NA,NA,NA,NA,NA,NA,NA,NA,NA,NA,NA,NA,NA,NA,NA,NA,NA,NA,NA,0,0,0,0,0.30992,0.30998,0.30968,0.3104,0.44755,0.44897,0.45377,0.45967,0.00241,0.00234,0.00231,0.00275,0.00868,0.00944,0.00872,0.00978,NA
2016-04-03,2016,94,NA,NA,NA,NA,NA,NA,NA,NA,NA,NA,NA,NA,NA,NA,NA,NA,NA,NA,NA,NA,NA,NA,NA,NA,NA,0,0,0,0,0.31003,0.31006,0.30996,0.31072,0.44711,0.44867,0.45316,0.45838,0.00232,0.00225,0.00227,0.00271,0.00836,0.00909,0.00839,0.00942,NA
2016-04-04,2016,95,65,grandrivergrass_2016_04_04_120008.jpg,116.48489,78.88815,60.04616,0.30886,0.45605,120.77627,6.46461,83.26102,4.77954,63.84653,5.26807,0.31075,0.00209,0.31059,0.31206,0.31332,0.45107,0.01361,0.45314,0.45736,0.46266,55.66746,NA,0,0,0,0,0.31008,0.31008,0.3102,0.311,0.44675,0.44845,0.45259,0.45717,0.00228,0.00221,0.00224,0.00267,0.0082,0.00892,0.00824,0.00924,NA
2016-04-05,2016,96,NA,NA,NA,NA,NA,NA,NA,NA,NA,NA,NA,NA,NA,NA,NA,NA,NA,NA,NA,NA,NA,NA,NA,NA,NA,0,0,0,0,0.31014,0.3101,0.31044,0.31129,0.44649,0.44829,0.45212,0.45615,0.00232,0.00225,0.00222,0.00265,0.00836,0.00909,0.00839,0.00942,NA
2016-04-06,2016,97,NA,NA,NA,NA,NA,NA,NA,NA,NA,NA,NA,NA,NA,NA,NA,NA,NA,NA,NA,NA,NA,NA,NA,NA,NA,0,0,0,0,0.31026,0.3102,0.31073,0.31164,0.44635,0.44823,0.45181,0.45542,0.00241,0.00234,0.00223,0.00266,0.00868,0.00944,0.00872,0.00978,NA
2016-04-07,2016,98,66,grandrivergrass_2016_04_07_120008.jpg,133.02251,91.87201,71.43325,0.31004,0.4489,123.14092,7.95301,86.84755,5.19067,68.72111,4.71406,0.31159,0.0015,0.31163,0.31221,0.31317,0.4418,0.01019,0.44346,0.44775,0.45278,56.77526,NA,0,0,0,0,0.31052,0.31042,0.31111,0.3121,0.44635,0.44826,0.45172,0.45508,0.00246,0.00239,0.00226,0.0027,0.00887,0.00964,0.0089,0.00999,NA
2016-04-08,2016,99,NA,NA,NA,NA,NA,NA,NA,NA,NA,NA,NA,NA,NA,NA,NA,NA,NA,NA,NA,NA,NA,NA,NA,NA,NA,0,0,0,0,0.31058,0.31044,0.31164,0.31272,0.44682,0.44872,0.45214,0.45539,0.00242,0.00235,0.00231,0.00276,0.00872,0.00948,0.00875,0.00982,NA
2016-04-09,2016,100,NA,NA,NA,NA,NA,NA,NA,NA,NA,NA,NA,NA,NA,NA,NA,NA,NA,NA,NA,NA,NA,NA,NA,NA,NA,0,0,0,0,0.31044,0.31026,0.31237,0.31354,0.44767,0.44953,0.45291,0.45617,0.00242,0.00235,0.00235,0.0028,0.00872,0.00948,0.00875,0.00982,NA
2016-04-10,2016,101,66,grandrivergrass_2016_04_10_120009.jpg,120.23534,83.6443,65.17842,0.31088,0.44688,121.25823,4.65659,84.41084,3.59565,65.91178,3.59638,0.31079,0.00182,0.31071,0.31208,0.31309,0.4466,0.00742,0.44867,0.4521,0.45478,57.86233,NA,0,0,0,0,0.31072,0.3105,0.31333,0.31462,0.4482,0.45001,0.45347,0.45681,0.00246,0.00239,0.00236,0.00281,0.00887,0.00964,0.0089,0.00999,NA
2016-04-11,2016,102,NA,NA,NA,NA,NA,NA,NA,NA,NA,NA,NA,NA,NA,NA,NA,NA,NA,NA,NA,NA,NA,NA,NA,NA,NA,0,0,0,0,0.31142,0.31119,0.31451,0.31594,0.44846,0.45017,0.45393,0.45752,0.00241,0.00234,0.00233,0.00278,0.00868,0.00944,0.00872,0.00978,NA
2016-04-12,2016,103,NA,NA,NA,NA,NA,NA,NA,NA,NA,NA,NA,NA,NA,NA,NA,NA,NA,NA,NA,NA,NA,NA,NA,NA,NA,0,0,0,0,0.31222,0.31197,0.31584,0.31744,0.44886,0.45042,0.45466,0.45871,0.00232,0.00225,0.00228,0.00272,0.00836,0.00909,0.00839,0.00942,NA
2016-04-13,2016,104,66,grandrivergrass_2016_04_13_120008.jpg,119.37667,80.81222,61.03663,0.30936,0.45699,119.16575,5.85487,81.34887,4.53031,61.03809,3.71943,0.31098,0.00217,0.31048,0.31226,0.31439,0.45573,0.00502,0.4563,0.45923,0.46123,58.92679,NA,0,0,0,0,0.31315,0.3129,0.3173,0.31908,0.44927,0.45065,0.45549,0.46011,0.00228,0.00221,0.00223,0.00266,0.0082,0.00892,0.00824,0.00924,NA
2016-04-14,2016,105,NA,NA,NA,NA,NA,NA,NA,NA,NA,NA,NA,NA,NA,NA,NA,NA,NA,NA,NA,NA,NA,NA,NA,NA,NA,0,0,0,0,0.31426,0.314,0.31887,0.32084,0.44959,0.45079,0.45624,0.46144,0.00232,0.00225,0.0022,0.00263,0.00836,0.00909,0.00839,0.00942,NA
2016-04-15,2016,106,NA,NA,NA,NA,NA,NA,NA,NA,NA,NA,NA,NA,NA,NA,NA,NA,NA,NA,NA,NA,NA,NA,NA,NA,NA,0,0,0,0,0.31561,0.31533,0.32052,0.32269,0.44971,0.45076,0.45673,0.46244,0.00241,0.00234,0.0022,0.00263,0.00868,0.00944,0.00872,0.00978,NA
2016-04-16,2016,107,67,grandrivergrass_2016_04_16_120005.jpg,136.61793,97.35523,74.42894,0.31568,0.44299,119.67909,8.46845,84.81289,5.89861,63.89613,5.17111,0.31598,0.00251,0.31569,0.31832,0.31908,0.44599,0.01158,0.44866,0.45404,0.45937,59.966,NA,0,0,0,0,0.31724,0.31691,0.32223,0.3246,0.4495,0.45047,0.45677,0.46284,0.00246,0.00239,0.00223,0.00267,0.00887,0.00964,0.0089,0.00999,NA
2016-04-17,2016,108,NA,NA,NA,NA,NA,NA,NA,NA,NA,NA,NA,NA,NA,NA,NA,NA,NA,NA,NA,NA,NA,NA,NA,NA,NA,0,0,0,0,0.31919,0.3188,0.32398,0.32655,0.44902,0.44994,0.45662,0.46316,0.00245,0.00238,0.00229,0.00273,0.00884,0.00962,0.00888,0.00996,NA
2016-04-18,2016,109,NA,NA,NA,NA,NA,NA,NA,NA,NA,NA,NA,NA,NA,NA,NA,NA,NA,NA,NA,NA,NA,NA,NA,NA,NA,0,0,0,0,0.32141,0.32094,0.32574,0.3285,0.44839,0.44924,0.45641,0.46359,0.00251,0.00243,0.00234,0.00279,0.00903,0.00982,0.00907,0.01017,NA
2016-04-19,2016,110,70,grandrivergrass_2016_04_19_120007.jpg,115.44043,81.85449,56.46306,0.32257,0.45492,116.33821,6.16921,84.75677,3.01642,58.4081,5.75458,0.32667,0.00442,0.32582,0.32838,0.33342,0.44841,0.019,0.44859,0.45812,0.46991,60.97785,NA,0,0,0,0,0.32379,0.32325,0.3275,0.33044,0.44756,0.4484,0.45582,0.46337,0.00255,0.00247,0.00237,0.00282,0.00918,0.00999,0.00922,0.01035,NA
2016-04-20,2016,111,NA,NA,NA,NA,NA,NA,NA,NA,NA,NA,NA,NA,NA,NA,NA,NA,NA,NA,NA,NA,NA,NA,NA,NA,NA,0,0,0,0,0.32655,0.32591,0.3294,0.33253,0.44628,0.4472,0.4545,0.46203,0.00246,0.00239,0.00236,0.00282,0.00887,0.00965,0.00891,0.00999,NA
2016-04-21,2016,112,NA,NA,NA,NA,NA,NA,NA,NA,NA,NA,NA,NA,NA,NA,NA,NA,NA,NA,NA,NA,NA,NA,NA,NA,NA,0,0,0,0,0.32979,0.32902,0.33157,0.33494,0.44451,0.44556,0.45256,0.4599,0.00234,0.00227,0.00234,0.00279,0.00845,0.00919,0.00848,0.00952,NA
2016-04-22,2016,113,62,grandrivergrass_2016_04_22_120005.jpg,110.80181,83.88246,57.01811,0.33326,0.44021,115.32189,4.84332,86.41034,2.87108,58.72798,4.34632,0.3318,0.00241,0.3321,0.3334,0.33422,0.44285,0.0128,0.44225,0.45147,0.45801,61.98184,NA,0,0,0,0,0.33325,0.33235,0.33394,0.33758,0.44255,0.44375,0.45034,0.45738,0.0023,0.00223,0.00231,0.00276,0.0083,0.00902,0.00833,0.00935,NA
2016-04-23,2016,114,NA,NA,NA,NA,NA,NA,NA,NA,NA,NA,NA,NA,NA,NA,NA,NA,NA,NA,NA,NA,NA,NA,NA,NA,NA,0,0,0,0,0.33667,0.33565,0.33645,0.34037,0.44067,0.44203,0.44818,0.45485,0.00238,0.00231,0.00231,0.00276,0.00857,0.00932,0.0086,0.00965,NA
2016-04-24,2016,115,NA,NA,NA,NA,NA,NA,NA,NA,NA,NA,NA,NA,NA,NA,NA,NA,NA,NA,NA,NA,NA,NA,NA,NA,NA,0,0,0,0,0.33978,0.33865,0.33903,0.34323,0.43918,0.44068,0.4464,0.4527,0.00252,0.00244,0.00233,0.00278,0.00907,0.00986,0.0091,0.01022,NA
2016-04-25,2016,116,72,grandrivergrass_2016_04_25_120009.jpg,104.70704,76.59851,49.92071,0.33127,0.45283,111.02453,6.27947,86.10887,3.97607,55.64469,5.0738,0.34086,0.01039,0.33837,0.34405,0.35036,0.43926,0.01299,0.44272,0.44522,0.45032,62.96228,NA,0,0,0,0,0.34233,0.34112,0.3416,0.34608,0.43835,0.43996,0.44536,0.45133,0.00261,0.00253,0.00238,0.00284,0.0094,0.01023,0.00944,0.0106,NA
2016-04-26,2016,117,NA,NA,NA,NA,NA,NA,NA,NA,NA,NA,NA,NA,NA,NA,NA,NA,NA,NA,NA,NA,NA,NA,NA,NA,NA,0,0,0,0,0.34429,0.34304,0.34411,0.34884,0.43816,0.43989,0.4448,0.45022,0.00263,0.00255,0.00244,0.00291,0.00949,0.01032,0.00953,0.01069,NA
2016-04-27,2016,118,NA,NA,NA,NA,NA,NA,NA,NA,NA,NA,NA,NA,NA,NA,NA,NA,NA,NA,NA,NA,NA,NA,NA,NA,NA,0,0,0,0,0.34603,0.34472,0.34647,0.35142,0.43822,0.44011,0.44432,0.44896,0.00272,0.00264,0.00249,0.00297,0.00979,0.01065,0.00983,0.01103,NA
2016-04-28,2016,119,48,grandrivergrass_2016_04_28_120007.jpg,112.07645,90.75786,54.78821,0.35229,0.43504,107.3453,5.20951,87.79126,2.78709,53.05595,3.99039,0.35386,0.00612,0.35275,0.35506,0.36061,0.43246,0.01127,0.43458,0.4377,0.44119,63.59494,NA,0,0,0,0,0.3478,0.34646,0.34864,0.35374,0.43831,0.44033,0.44406,0.44813,0.00281,0.00273,0.00251,0.003,0.01012,0.01101,0.01016,0.01141,NA
2016-04-29,2016,120,NA,NA,NA,NA,NA,NA,NA,NA,NA,NA,NA,NA,NA,NA,NA,NA,NA,NA,NA,NA,NA,NA,NA,NA,NA,0,0,0,0,0.34949,0.34814,0.35073,0.35594,0.43871,0.44081,0.44437,0.44815,0.00276,0.00268,0.00249,0.00298,0.00994,0.01081,0.00998,0.0112,NA
2016-04-30,2016,121,NA,NA,NA,NA,NA,NA,NA,NA,NA,NA,NA,NA,NA,NA,NA,NA,NA,NA,NA,NA,NA,NA,NA,NA,NA,0,0,0,0,0.35089,0.34954,0.35289,0.35817,0.43968,0.44182,0.44532,0.44886,0.00265,0.00257,0.00245,0.00292,0.00954,0.01037,0.00958,0.01075,NA
2016-05-01,2016,122,0,None,NA,NA,NA,NA,NA,NA,NA,NA,NA,NA,NA,NA,NA,NA,NA,NA,NA,NA,NA,NA,NA,NA,NA,0,0,0,0,0.35213,0.35081,0.3551,0.3604,0.44091,0.44309,0.44662,0.44997,0.00259,0.00252,0.0024,0.00286,0.00934,0.01016,0.00938,0.01052,NA
2016-05-02,2016,123,NA,NA,NA,NA,NA,NA,NA,NA,NA,NA,NA,NA,NA,NA,NA,NA,NA,NA,NA,NA,NA,NA,NA,NA,NA,0,0,0,0,0.35338,0.35209,0.35731,0.36262,0.44213,0.44434,0.44795,0.45117,0.00265,0.00257,0.00236,0.00282,0.00954,0.01037,0.00958,0.01075,NA
2016-05-03,2016,124,NA,NA,NA,NA,NA,NA,NA,NA,NA,NA,NA,NA,NA,NA,NA,NA,NA,NA,NA,NA,NA,NA,NA,NA,NA,0,0,0,0,0.35476,0.3535,0.35949,0.36479,0.44306,0.4453,0.44902,0.45217,0.00276,0.00268,0.00236,0.00281,0.00994,0.01081,0.00998,0.0112,NA
2016-05-04,2016,125,72,grandrivergrass_2016_05_04_120007.jpg,112.95937,87.5655,54.22626,0.34373,0.44341,113.7419,5.18115,89.05384,3.49154,51.34798,4.71362,0.35052,0.00462,0.34967,0.35327,0.35859,0.44769,0.0118,0.4492,0.45404,0.45768,65.67534,NA,0,0,0,0,0.35643,0.35519,0.36159,0.36689,0.4434,0.44569,0.44952,0.45266,0.00281,0.00273,0.00238,0.00284,0.01012,0.01101,0.01016,0.01141,NA
2016-05-05,2016,126,NA,NA,NA,NA,NA,NA,NA,NA,NA,NA,NA,NA,NA,NA,NA,NA,NA,NA,NA,NA,NA,NA,NA,NA,NA,0,0,0,0,0.35864,0.35734,0.36359,0.3689,0.44292,0.44533,0.4494,0.45263,0.00272,0.00264,0.00242,0.00289,0.00979,0.01065,0.00983,0.01103,NA
2016-05-06,2016,127,NA,NA,NA,NA,NA,NA,NA,NA,NA,NA,NA,NA,NA,NA,NA,NA,NA,NA,NA,NA,NA,NA,NA,NA,NA,0,0,0,0,0.36111,0.35971,0.36545,0.37078,0.44208,0.44463,0.44906,0.45249,0.00263,0.00255,0.00246,0.00294,0.00949,0.01032,0.00953,0.01069,NA
2016-05-07,2016,128,72,grandrivergrass_2016_05_07_120005.jpg,112.2543,92.25409,48.35927,0.36483,0.44393,110.23943,4.86586,88.16138,2.90394,47.02801,2.98755,0.35931,0.0069,0.35835,0.36446,0.36761,0.44915,0.01067,0.45123,0.45516,0.45839,66.49712,NA,0,0,0,0,0.36321,0.36179,0.36712,0.37251,0.44159,0.44424,0.44891,0.45252,0.00261,0.00253,0.00248,0.00296,0.0094,0.01023,0.00944,0.0106,NA
2016-05-08,2016,129,NA,NA,NA,NA,NA,NA,NA,NA,NA,NA,NA,NA,NA,NA,NA,NA,NA,NA,NA,NA,NA,NA,NA,NA,NA,0,0,0,0,0.36507,0.36373,0.36866,0.37413,0.44131,0.44399,0.4488,0.45258,0.00252,0.00244,0.00245,0.00293,0.00907,0.00986,0.0091,0.01022,NA
2016-05-09,2016,130,NA,NA,NA,NA,NA,NA,NA,NA,NA,NA,NA,NA,NA,NA,NA,NA,NA,NA,NA,NA,NA,NA,NA,NA,NA,0,0,0,0,0.36712,0.36592,0.37014,0.3757,0.44071,0.44344,0.44837,0.45242,0.00238,0.00231,0.0024,0.00286,0.00857,0.00932,0.0086,0.00965,NA
2016-05-10,2016,131,72,grandrivergrass_2016_05_10_120007.jpg,117.54403,96.93565,52.67087,0.36285,0.43999,104.01803,6.47253,90.87122,3.1968,46.21686,3.44552,0.37714,0.01012,0.37513,0.38074,0.39269,0.43122,0.01409,0.43543,0.43988,0.44346,67.27128,NA,0,0,0,0,0.36922,0.36818,0.37155,0.37721,0.43998,0.44275,0.44779,0.45215,0.0023,0.00223,0.00234,0.00279,0.0083,0.00902,0.00833,0.00935,NA
2016-05-11,2016,132,NA,NA,NA,NA,NA,NA,NA,NA,NA,NA,NA,NA,NA,NA,NA,NA,NA,NA,NA,NA,NA,NA,NA,NA,NA,0,0,0,0,0.37121,0.37035,0.37291,0.37865,0.43928,0.4421,0.44723,0.4519,0.00234,0.00227,0.00229,0.00273,0.00845,0.00919,0.00848,0.00952,NA
2016-05-12,2016,133,NA,NA,NA,NA,NA,NA,NA,NA,NA,NA,NA,NA,NA,NA,NA,NA,NA,NA,NA,NA,NA,NA,NA,NA,NA,0,0,0,0,0.37295,0.37224,0.3742,0.38003,0.43879,0.44163,0.44685,0.45179,0.00246,0.00239,0.00227,0.0027,0.00887,0.00965,0.00891,0.00999,NA
2016-05-13,2016,134,72,grandrivergrass_2016_05_13_120006.jpg,101.58405,90.54392,44.97026,0.38188,0.42845,106.10664,6.31854,91.99849,2.82562,46.54066,3.95759,0.37621,0.00754,0.37455,0.38041,0.38457,0.4335,0.01546,0.437,0.44379,0.44951,67.99967,NA,0,0,0,0,0.37426,0.3737,0.37543,0.38134,0.43869,0.44153,0.44681,0.45194,0.00255,0.00247,0.00227,0.00271,0.00918,0.00999,0.00922,0.01035,NA
2016-05-14,2016,135,NA,NA,NA,NA,NA,NA,NA,NA,NA,NA,NA,NA,NA,NA,NA,NA,NA,NA,NA,NA,NA,NA,NA,NA,NA,0,0,0,0,0.37447,0.37411,0.3766,0.38258,0.43969,0.44246,0.44774,0.453,0.00251,0.00243,0.00229,0.00273,0.00903,0.00982,0.00907,0.01017,NA
2016-05-15,2016,136,NA,NA,NA,NA,NA,NA,NA,NA,NA,NA,NA,NA,NA,NA,NA,NA,NA,NA,NA,NA,NA,NA,NA,NA,NA,0,0,0,0,0.37389,0.37378,0.3777,0.38375,0.44146,0.44408,0.44932,0.45471,0.00245,0.00238,0.00231,0.00276,0.00884,0.00962,0.00888,0.00996,NA
2016-05-16,2016,137,72,grandrivergrass_2016_05_16_120007.jpg,102.4336,90.34223,43.65319,0.38211,0.43325,108.08479,5.2565,90.76226,3.1809,43.76127,3.40119,0.37419,0.00545,0.37533,0.37759,0.37971,0.44546,0.01137,0.44605,0.451,0.4572,68.67749,NA,0,0,0,0,0.37387,0.37391,0.37874,0.38484,0.44259,0.44511,0.45034,0.45581,0.00246,0.00239,0.00232,0.00277,0.00887,0.00964,0.0089,0.00999,NA
2016-05-17,2016,138,NA,NA,NA,NA,NA,NA,NA,NA,NA,NA,NA,NA,NA,NA,NA,NA,NA,NA,NA,NA,NA,NA,NA,NA,NA,0,0,0,0,0.3745,0.37459,0.37974,0.3859,0.44307,0.44555,0.45083,0.45625,0.00241,0.00234,0.0023,0.00275,0.00868,0.00944,0.00872,0.00978,NA
2016-05-18,2016,139,NA,NA,NA,NA,NA,NA,NA,NA,NA,NA,NA,NA,NA,NA,NA,NA,NA,NA,NA,NA,NA,NA,NA,NA,NA,0,0,0,0,0.37502,0.37512,0.38073,0.38698,0.44374,0.44616,0.45149,0.45676,0.00232,0.00225,0.00227,0.00271,0.00836,0.00909,0.00839,0.00942,NA
2016-05-19,2016,140,76,grandrivergrass_2016_05_19_120007.jpg,106.28514,85.14662,42.6539,0.36374,0.45404,108.53053,5.77044,88.95177,3.67112,43.73884,3.68518,0.36883,0.00626,0.36997,0.373,0.37619,0.44986,0.01241,0.45311,0.45793,0.46229,69.30402,NA,0,0,0,0,0.37549,0.37557,0.38168,0.38803,0.44444,0.44679,0.45217,0.45724,0.00228,0.00221,0.00226,0.0027,0.0082,0.00892,0.00824,0.00924,NA
2016-05-20,2016,141,NA,NA,NA,NA,NA,NA,NA,NA,NA,NA,NA,NA,NA,NA,NA,NA,NA,NA,NA,NA,NA,NA,NA,NA,NA,0,0,0,0,0.37598,0.37602,0.38254,0.38899,0.44501,0.4473,0.45273,0.45758,0.00232,0.00225,0.00228,0.00273,0.00836,0.00909,0.00839,0.00942,NA
2016-05-21,2016,142,NA,NA,NA,NA,NA,NA,NA,NA,NA,NA,NA,NA,NA,NA,NA,NA,NA,NA,NA,NA,NA,NA,NA,NA,NA,0,0,0,0,0.37654,0.37653,0.38331,0.38982,0.44528,0.44752,0.45301,0.45765,0.00241,0.00234,0.00233,0.00278,0.00868,0.00944,0.00872,0.00978,NA
2016-05-22,2016,143,78,grandrivergrass_2016_05_22_120006.jpg,104.28975,83.86221,40.65854,0.36651,0.45579,107.84405,4.26901,89.44058,2.83474,42.84975,3.44485,0.37261,0.0093,0.3725,0.37843,0.38525,0.44911,0.00944,0.45064,0.45568,0.46141,69.87496,NA,0,0,0,0,0.37722,0.37717,0.38394,0.39047,0.44509,0.44731,0.45287,0.45735,0.00246,0.00239,0.00236,0.00281,0.00887,0.00964,0.0089,0.00999,NA
2016-05-23,2016,144,NA,NA,NA,NA,NA,NA,NA,NA,NA,NA,NA,NA,NA,NA,NA,NA,NA,NA,NA,NA,NA,NA,NA,NA,NA,0,0,0,0,0.37824,0.37812,0.38442,0.39093,0.44413,0.44639,0.45207,0.45641,0.00241,0.00234,0.00235,0.0028,0.00868,0.00944,0.00872,0.00978,NA
2016-05-24,2016,145,NA,NA,NA,NA,NA,NA,NA,NA,NA,NA,NA,NA,NA,NA,NA,NA,NA,NA,NA,NA,NA,NA,NA,NA,NA,0,0,0,0,0.37962,0.37935,0.38476,0.39125,0.44245,0.4448,0.45065,0.45483,0.00232,0.00225,0.00231,0.00276,0.00836,0.00909,0.00839,0.00942,NA
2016-05-25,2016,146,74,grandrivergrass_2016_05_25_120009.jpg,107.99104,93.62289,43.14234,0.38251,0.44122,102.95001,4.7108,91.21385,2.9933,41.06965,3.03665,0.38791,0.0108,0.38578,0.39061,0.40591,0.43762,0.01275,0.44115,0.44682,0.44892,70.3898,NA,0,0,0,0,0.38115,0.38071,0.385,0.39145,0.44041,0.44286,0.44892,0.45293,0.00228,0.00221,0.00229,0.00273,0.0082,0.00892,0.00824,0.00924,NA
2016-05-26,2016,147,NA,NA,NA,NA,NA,NA,NA,NA,NA,NA,NA,NA,NA,NA,NA,NA,NA,NA,NA,NA,NA,NA,NA,NA,NA,0,0,0,0,0.3826,0.38199,0.38517,0.39157,0.43835,0.4409,0.44715,0.45103,0.00232,0.00225,0.00229,0.00273,0.00836,0.00909,0.00839,0.00942,NA
2016-05-27,2016,148,NA,NA,NA,NA,NA,NA,NA,NA,NA,NA,NA,NA,NA,NA,NA,NA,NA,NA,NA,NA,NA,NA,NA,NA,NA,0,0,0,0,0.38375,0.38302,0.38528,0.39163,0.43664,0.43923,0.44565,0.44943,0.00241,0.00234,0.00231,0.00275,0.00868,0.00944,0.00872,0.00978,NA
2016-05-28,2016,149,70,grandrivergrass_2016_05_28_120006.jpg,103.49092,95.46168,44.28575,0.39246,0.42547,104.2329,6.15075,93.68114,3.39259,43.78602,4.24136,0.38774,0.00756,0.38765,0.39275,0.39712,0.43118,0.01651,0.43266,0.44129,0.44623,70.84737,NA,0,0,0,0,0.38439,0.38361,0.38537,0.39166,0.43565,0.43819,0.4447,0.44845,0.00246,0.00239,0.00232,0.00277,0.00887,0.00964,0.0089,0.00999,NA
2016-05-29,2016,150,NA,NA,NA,NA,NA,NA,NA,NA,NA,NA,NA,NA,NA,NA,NA,NA,NA,NA,NA,NA,NA,NA,NA,NA,NA,0,0,0,0,0.3844,0.38368,0.3854,0.3916,0.43529,0.43767,0.44421,0.44803,0.00241,0.00234,0.0023,0.00275,0.00868,0.00944,0.00872,0.00978,NA
2016-05-30,2016,151,NA,NA,NA,NA,NA,NA,NA,NA,NA,NA,NA,NA,NA,NA,NA,NA,NA,NA,NA,NA,NA,NA,NA,NA,NA,0,0,0,0,0.38392,0.38335,0.38531,0.39138,0.43525,0.43735,0.44389,0.44788,0.00232,0.00225,0.00226,0.0027,0.00836,0.00909,0.00839,0.00942,NA
2016-05-31,2016,152,78,grandrivergrass_2016_05_31_120007.jpg,107.38406,95.30836,45.58044,0.38389,0.43252,106.8904,5.31258,93.44078,2.92178,45.30815,4.04373,0.38047,0.00582,0.38044,0.38386,0.38633,0.43511,0.01492,0.43761,0.44273,0.44553,71.24729,NA,0,0,0,0,0.38312,0.38275,0.38513,0.39105,0.43546,0.43724,0.44373,0.44793,0.00228,0.00221,0.00222,0.00265,0.0082,0.00892,0.00824,0.00924,NA
2016-06-01,2016,153,NA,NA,NA,NA,NA,NA,NA,NA,NA,NA,NA,NA,NA,NA,NA,NA,NA,NA,NA,NA,NA,NA,NA,NA,NA,0,0,0,0,0.38217,0.38201,0.38487,0.39061,0.43587,0.43732,0.44372,0.44814,0.00232,0.00225,0.0022,0.00262,0.00836,0.00909,0.00839,0.00942,NA
2016-06-02,2016,154,NA,NA,NA,NA,NA,NA,NA,NA,NA,NA,NA,NA,NA,NA,NA,NA,NA,NA,NA,NA,NA,NA,NA,NA,NA,0,0,0,0,0.38124,0.38127,0.38454,0.39011,0.43643,0.43759,0.44386,0.44847,0.00241,0.00234,0.0022,0.00262,0.00868,0.00944,0.00872,0.00978,NA
2016-06-03,2016,155,52,grandrivergrass_2016_06_02_183005.jpg,111.82181,85.94859,42.47618,0.35775,0.46545,107.94441,4.98504,93.29502,3.27812,44.73717,4.43332,0.37943,0.00846,0.3791,0.38304,0.39177,0.43888,0.01296,0.44107,0.44682,0.45243,71.58328,NA,0,0,0,0,0.3805,0.38065,0.38417,0.38956,0.43708,0.43803,0.44413,0.44885,0.00246,0.00239,0.00222,0.00265,0.00887,0.00964,0.0089,0.00999,NA
2016-06-04,2016,156,NA,NA,NA,NA,NA,NA,NA,NA,NA,NA,NA,NA,NA,NA,NA,NA,NA,NA,NA,NA,NA,NA,NA,NA,NA,0,0,0,0,0.37981,0.38002,0.38377,0.389,0.43804,0.43878,0.44458,0.44936,0.00242,0.00235,0.00226,0.0027,0.00872,0.00948,0.00875,0.00982,NA
2016-06-05,2016,157,NA,NA,NA,NA,NA,NA,NA,NA,NA,NA,NA,NA,NA,NA,NA,NA,NA,NA,NA,NA,NA,NA,NA,NA,NA,0,0,0,0,0.37902,0.37928,0.38336,0.38844,0.43933,0.43982,0.4452,0.45006,0.00242,0.00235,0.0023,0.00275,0.00872,0.00948,0.00875,0.00982,NA
2016-06-06,2016,158,78,grandrivergrass_2016_06_06_120006.jpg,104.01955,91.50325,39.47732,0.38938,0.44264,109.29327,3.13264,94.23998,2.97984,44.62258,3.87814,0.37984,0.00686,0.38007,0.38488,0.38845,0.44055,0.00836,0.43966,0.4468,0.45211,71.88006,NA,0,0,0,0,0.37828,0.37857,0.38296,0.38793,0.44056,0.44091,0.44596,0.45085,0.00246,0.00239,0.00232,0.00277,0.00887,0.00964,0.0089,0.00999,NA
2016-06-07,2016,159,NA,NA,NA,NA,NA,NA,NA,NA,NA,NA,NA,NA,NA,NA,NA,NA,NA,NA,NA,NA,NA,NA,NA,NA,NA,0,0,0,0,0.37764,0.37796,0.38241,0.3873,0.44171,0.44204,0.44683,0.45164,0.00241,0.00234,0.0023,0.00275,0.00868,0.00944,0.00872,0.00978,NA
2016-06-08,2016,160,NA,NA,NA,NA,NA,NA,NA,NA,NA,NA,NA,NA,NA,NA,NA,NA,NA,NA,NA,NA,NA,NA,NA,NA,NA,0,0,0,0,0.37704,0.37737,0.38162,0.38642,0.44298,0.44334,0.44785,0.45245,0.00232,0.00225,0.00226,0.0027,0.00836,0.00909,0.00839,0.00942,NA
2016-06-09,2016,161,78,grandrivergrass_2016_06_09_120008.jpg,104.47569,87.59932,41.21233,0.3755,0.44784,109.84648,3.80434,92.13637,3.30697,44.72748,2.62423,0.37349,0.00511,0.37457,0.37607,0.37787,0.44531,0.00655,0.44445,0.44727,0.45182,72.13788,NA,0,0,0,0,0.37646,0.37678,0.38066,0.38538,0.44433,0.44478,0.449,0.45334,0.00228,0.00221,0.00222,0.00265,0.0082,0.00892,0.00824,0.00924,NA
2016-06-10,2016,162,NA,NA,NA,NA,NA,NA,NA,NA,NA,NA,NA,NA,NA,NA,NA,NA,NA,NA,NA,NA,NA,NA,NA,NA,NA,0,0,0,0,0.37587,0.37617,0.3796,0.38423,0.44576,0.44633,0.45027,0.45436,0.00232,0.00225,0.0022,0.00262,0.00836,0.00909,0.00839,0.00942,NA
2016-06-11,2016,163,NA,NA,NA,NA,NA,NA,NA,NA,NA,NA,NA,NA,NA,NA,NA,NA,NA,NA,NA,NA,NA,NA,NA,NA,NA,0,0,0,0,0.37525,0.37552,0.3785,0.38306,0.44725,0.44793,0.45166,0.45558,0.00241,0.00234,0.0022,0.00262,0.00868,0.00944,0.00872,0.00978,NA
2016-06-12,2016,164,74,grandrivergrass_2016_06_12_120006.jpg,101.34414,97.41007,54.82834,0.38414,0.39965,109.27891,5.0552,92.98828,3.68807,42.8917,3.09588,0.37937,0.00708,0.37894,0.38278,0.38828,0.44578,0.01147,0.44736,0.45046,0.4542,72.33584,NA,0,0,0,0,0.37458,0.37479,0.37744,0.38193,0.44879,0.44956,0.45315,0.45705,0.00246,0.00239,0.00222,0.00265,0.00887,0.00964,0.0089,0.00999,NA
2016-06-13,2016,165,NA,NA,NA,NA,NA,NA,NA,NA,NA,NA,NA,NA,NA,NA,NA,NA,NA,NA,NA,NA,NA,NA,NA,NA,NA,0,0,0,0,0.3737,0.37377,0.37649,0.38091,0.45069,0.45165,0.45519,0.45921,0.00242,0.00235,0.00226,0.0027,0.00872,0.00948,0.00875,0.00982,NA
2016-06-14,2016,166,NA,NA,NA,NA,NA,NA,NA,NA,NA,NA,NA,NA,NA,NA,NA,NA,NA,NA,NA,NA,NA,NA,NA,NA,NA,0,0,0,0,0.37268,0.37255,0.37571,0.38007,0.45289,0.45415,0.45767,0.46188,0.00242,0.00235,0.0023,0.00275,0.00872,0.00948,0.00875,0.00982,NA
2016-06-15,2016,167,75,grandrivergrass_2016_06_15_120006.jpg,108.74565,87.84178,41.3066,0.36925,0.45712,111.51871,4.79466,91.26081,3.21917,42.83241,3.26346,0.37163,0.00514,0.37141,0.37501,0.37766,0.45407,0.01104,0.4566,0.46051,0.46445,72.47279,NA,0,0,0,0,0.37184,0.37156,0.37519,0.37949,0.45478,0.45624,0.45976,0.46416,0.00246,0.00239,0.00232,0.00277,0.00887,0.00964,0.0089,0.00999,NA
2016-06-16,2016,168,NA,NA,NA,NA,NA,NA,NA,NA,NA,NA,NA,NA,NA,NA,NA,NA,NA,NA,NA,NA,NA,NA,NA,NA,NA,0,0,0,0,0.37112,0.37076,0.37488,0.37913,0.45652,0.45803,0.4616,0.46628,0.00241,0.00234,0.0023,0.00275,0.00868,0.00944,0.00872,0.00978,NA
2016-06-17,2016,169,NA,NA,NA,NA,NA,NA,NA,NA,NA,NA,NA,NA,NA,NA,NA,NA,NA,NA,NA,NA,NA,NA,NA,NA,NA,0,0,0,0,0.37029,0.36986,0.3747,0.37892,0.45851,0.46002,0.46373,0.46886,0.00232,0.00225,0.00226,0.0027,0.00836,0.00909,0.00839,0.00942,NA
2016-06-18,2016,170,72,grandrivergrass_2016_06_18_120006.jpg,119.41047,95.69194,47.37465,0.36457,0.45494,113.89579,3.92995,90.0273,3.64884,42.48494,3.43355,0.3654,0.00469,0.36565,0.36785,0.37181,0.4624,0.00691,0.46357,0.4669,0.47015,72.54739,NA,0,0,0,0,0.36947,0.36898,0.3746,0.37882,0.46056,0.46202,0.46594,0.47159,0.00228,0.00221,0.00222,0.00265,0.0082,0.00892,0.00824,0.00924,NA
2016-06-19,2016,171,NA,NA,NA,NA,NA,NA,NA,NA,NA,NA,NA,NA,NA,NA,NA,NA,NA,NA,NA,NA,NA,NA,NA,NA,NA,0,0,0,0,0.36874,0.36819,0.37457,0.37879,0.46245,0.46384,0.46798,0.47412,0.00232,0.00225,0.0022,0.00262,0.00836,0.00909,0.00839,0.00942,NA
2016-06-20,2016,172,NA,NA,NA,NA,NA,NA,NA,NA,NA,NA,NA,NA,NA,NA,NA,NA,NA,NA,NA,NA,NA,NA,NA,NA,NA,0,0,0,0,0.36821,0.36761,0.37459,0.3788,0.46398,0.46531,0.46964,0.47615,0.00241,0.00234,0.0022,0.00262,0.00868,0.00944,0.00872,0.00978,NA
2016-06-21,2016,173,43,grandrivergrass_2016_06_20_183006.jpg,108.81314,93.63437,40.82766,0.38489,0.44728,114.69721,5.37777,91.36796,3.37473,39.9891,3.25932,0.37146,0.00947,0.36908,0.37501,0.38486,0.46615,0.01316,0.46711,0.4732,0.48329,72.56059,NA,0,0,0,0,0.36796,0.36734,0.37461,0.37882,0.46493,0.46622,0.47067,0.47734,0.00246,0.00239,0.00222,0.00265,0.00887,0.00964,0.0089,0.00999,NA
2016-06-22,2016,174,NA,NA,NA,NA,NA,NA,NA,NA,NA,NA,NA,NA,NA,NA,NA,NA,NA,NA,NA,NA,NA,NA,NA,NA,NA,0,0,0,0,0.36814,0.36748,0.37462,0.37883,0.4654,0.46664,0.47118,0.47784,0.00242,0.00235,0.00226,0.0027,0.00872,0.00948,0.00875,0.00982,NA
2016-06-23,2016,175,NA,NA,NA,NA,NA,NA,NA,NA,NA,NA,NA,NA,NA,NA,NA,NA,NA,NA,NA,NA,NA,NA,NA,NA,NA,0,0,0,0,0.36859,0.36792,0.3746,0.37877,0.46561,0.46675,0.4714,0.478,0.00242,0.00235,0.0023,0.00275,0.00872,0.00948,0.00875,0.00982,NA
2016-06-24,2016,176,66,grandrivergrass_2016_06_24_120006.jpg,117.00242,90.44169,43.47567,0.36044,0.46629,114.93192,4.97211,90.44936,3.09135,42.11897,3.19325,0.3655,0.00394,0.36565,0.36847,0.37108,0.46436,0.01078,0.46604,0.46937,0.47631,72.55089,NA,0,0,0,0,0.36903,0.36834,0.37451,0.37864,0.46551,0.4666,0.4713,0.47778,0.00246,0.00239,0.00232,0.00277,0.00887,0.00964,0.0089,0.00999,NA
2016-06-25,2016,177,NA,NA,NA,NA,NA,NA,NA,NA,NA,NA,NA,NA,NA,NA,NA,NA,NA,NA,NA,NA,NA,NA,NA,NA,NA,0,0,0,0,0.36963,0.36892,0.37446,0.37853,0.4648,0.46589,0.47058,0.47674,0.00241,0.00234,0.0023,0.00275,0.00868,0.00944,0.00872,0.00978,NA
2016-06-26,2016,178,NA,NA,NA,NA,NA,NA,NA,NA,NA,NA,NA,NA,NA,NA,NA,NA,NA,NA,NA,NA,NA,NA,NA,NA,NA,0,0,0,0,0.37059,0.36989,0.37458,0.37856,0.46339,0.46451,0.46915,0.47475,0.00232,0.00225,0.00226,0.0027,0.00836,0.00909,0.00839,0.00942,NA
2016-06-27,2016,179,66,grandrivergrass_2016_06_27_120006.jpg,120.18761,95.47843,43.00873,0.36911,0.46463,114.02887,4.32847,91.88009,3.12185,39.94869,2.58944,0.37378,0.00635,0.37383,0.37896,0.38072,0.46381,0.00749,0.46376,0.46866,0.47307,72.47989,NA,0,0,0,0,0.37173,0.37105,0.3748,0.37869,0.46158,0.46274,0.46731,0.47222,0.00228,0.00221,0.00222,0.00265,0.0082,0.00892,0.00824,0.00924,NA
2016-06-28,2016,180,NA,NA,NA,NA,NA,NA,NA,NA,NA,NA,NA,NA,NA,NA,NA,NA,NA,NA,NA,NA,NA,NA,NA,NA,NA,0,0,0,0,0.37284,0.37219,0.37509,0.37887,0.45966,0.46087,0.46534,0.46954,0.00232,0.00225,0.0022,0.00262,0.00836,0.00909,0.00839,0.00942,NA
2016-06-29,2016,181,NA,NA,NA,NA,NA,NA,NA,NA,NA,NA,NA,NA,NA,NA,NA,NA,NA,NA,NA,NA,NA,NA,NA,NA,NA,0,0,0,0,0.37372,0.37311,0.37538,0.37905,0.45792,0.45917,0.46356,0.46712,0.00241,0.00234,0.0022,0.00262,0.00868,0.00944,0.00872,0.00978,NA
2016-06-30,2016,182,16,grandrivergrass_2016_06_29_183006.jpg,103.25516,91.87754,44.96413,0.38267,0.43006,111.15992,4.10846,90.0724,3.26611,40.90608,3.41606,0.37205,0.00487,0.37083,0.37402,0.37977,0.45924,0.01077,0.46182,0.46676,0.46891,72.34613,NA,0,0,0,0,0.37417,0.37361,0.37563,0.37919,0.45666,0.45794,0.46226,0.46536,0.00246,0.00239,0.00222,0.00265,0.00887,0.00964,0.0089,0.00999,NA
2016-07-01,2016,183,NA,NA,NA,NA,NA,NA,NA,NA,NA,NA,NA,NA,NA,NA,NA,NA,NA,NA,NA,NA,NA,NA,NA,NA,NA,0,0,0,0,0.3744,0.3739,0.37579,0.37925,0.4555,0.45675,0.46105,0.46376,0.00242,0.00235,0.00226,0.0027,0.00872,0.00948,0.00875,0.00982,NA
2016-07-02,2016,184,NA,NA,NA,NA,NA,NA,NA,NA,NA,NA,NA,NA,NA,NA,NA,NA,NA,NA,NA,NA,NA,NA,NA,NA,NA,0,0,0,0,0.3746,0.37417,0.37581,0.37918,0.45419,0.45537,0.45966,0.46197,0.00242,0.00235,0.0023,0.00275,0.00872,0.00948,0.00875,0.00982,NA
2016-07-03,2016,185,15,grandrivergrass_2016_07_02_180007.jpg,104.45719,93.19705,43.39638,0.38663,0.43334,107.26434,2.34437,91.53216,1.9856,42.2016,1.35501,0.37981,0.00449,0.37852,0.38461,0.38633,0.44511,0.0067,0.44641,0.45029,0.45235,72.14954,NA,0,0,0,0,0.37458,0.3742,0.37565,0.37893,0.45317,0.45435,0.4586,0.46062,0.00246,0.00239,0.00232,0.00277,0.00887,0.00964,0.0089,0.00999,NA
2016-07-04,2016,186,NA,NA,NA,NA,NA,NA,NA,NA,NA,NA,NA,NA,NA,NA,NA,NA,NA,NA,NA,NA,NA,NA,NA,NA,NA,0,0,0,0,0.37418,0.37385,0.37533,0.37852,0.45258,0.45385,0.45799,0.45989,0.00241,0.00234,0.0023,0.00275,0.00868,0.00944,0.00872,0.00978,NA
2016-07-05,2016,187,NA,NA,NA,NA,NA,NA,NA,NA,NA,NA,NA,NA,NA,NA,NA,NA,NA,NA,NA,NA,NA,NA,NA,NA,NA,0,0,0,0,0.37347,0.37319,0.37491,0.37798,0.45225,0.45362,0.4576,0.45951,0.00232,0.00225,0.00226,0.0027,0.00836,0.00909,0.00839,0.00942,NA
2016-07-06,2016,188,69,grandrivergrass_2016_07_06_120009.jpg,114.53161,93.12628,46.12326,0.36696,0.4513,110.60281,5.03677,90.5645,3.57953,42.94876,3.16947,0.37105,0.00455,0.3719,0.37426,0.37573,0.45308,0.00872,0.45418,0.45733,0.45936,71.892,NA,0,0,0,0,0.37255,0.37233,0.37441,0.37736,0.45208,0.45358,0.45737,0.45937,0.00228,0.00221,0.00222,0.00265,0.0082,0.00892,0.00824,0.00924,NA
2016-07-07,2016,189,NA,NA,NA,NA,NA,NA,NA,NA,NA,NA,NA,NA,NA,NA,NA,NA,NA,NA,NA,NA,NA,NA,NA,NA,NA,0,0,0,0,0.37153,0.37136,0.37384,0.37666,0.452,0.45365,0.45725,0.45939,0.00232,0.00225,0.0022,0.00262,0.00836,0.00909,0.00839,0.00942,NA
2016-07-08,2016,190,NA,NA,NA,NA,NA,NA,NA,NA,NA,NA,NA,NA,NA,NA,NA,NA,NA,NA,NA,NA,NA,NA,NA,NA,NA,0,0,0,0,0.37051,0.37038,0.37323,0.37592,0.45192,0.45372,0.45718,0.45947,0.00241,0.00234,0.0022,0.00262,0.00868,0.00944,0.00872,0.00978,NA
2016-07-09,2016,191,75,grandrivergrass_2016_07_09_120007.jpg,115.27856,93.346,44.76167,0.36839,0.45495,112.91775,5.14162,91.31946,3.83396,43.99257,3.34626,0.36793,0.00468,0.36778,0.3706,0.37408,0.45492,0.00835,0.45542,0.46038,0.46312,71.57322,NA,0,0,0,0,0.36961,0.3695,0.37257,0.37514,0.45177,0.45373,0.45711,0.45951,0.00246,0.00239,0.00222,0.00265,0.00887,0.00964,0.0089,0.00999,NA
2016-07-10,2016,192,NA,NA,NA,NA,NA,NA,NA,NA,NA,NA,NA,NA,NA,NA,NA,NA,NA,NA,NA,NA,NA,NA,NA,NA,NA,0,0,0,0,0.36869,0.36855,0.37189,0.37436,0.45183,0.45405,0.4574,0.45998,0.00242,0.00235,0.00226,0.0027,0.00872,0.00948,0.00875,0.00982,NA
2016-07-11,2016,193,NA,NA,NA,NA,NA,NA,NA,NA,NA,NA,NA,NA,NA,NA,NA,NA,NA,NA,NA,NA,NA,NA,NA,NA,NA,0,0,0,0,0.36766,0.36743,0.37119,0.37359,0.45214,0.4547,0.45805,0.46087,0.00242,0.00235,0.0023,0.00275,0.00872,0.00948,0.00875,0.00982,NA
2016-07-12,2016,194,78,grandrivergrass_2016_07_12_120010.jpg,110.50673,88.54067,41.93236,0.36742,0.45857,111.51753,4.95093,90.79886,2.98152,44.98425,3.25297,0.36726,0.00779,0.36757,0.37058,0.37406,0.45091,0.01183,0.45519,0.45797,0.46078,71.19474,NA,0,0,0,0,0.36665,0.36638,0.3705,0.37285,0.45224,0.45505,0.45843,0.46144,0.00246,0.00239,0.00232,0.00277,0.00887,0.00964,0.0089,0.00999,NA
2016-07-13,2016,195,NA,NA,NA,NA,NA,NA,NA,NA,NA,NA,NA,NA,NA,NA,NA,NA,NA,NA,NA,NA,NA,NA,NA,NA,NA,0,0,0,0,0.36569,0.36541,0.36968,0.37202,0.45193,0.4549,0.45837,0.46148,0.00241,0.00234,0.0023,0.00275,0.00868,0.00944,0.00872,0.00978,NA
2016-07-14,2016,196,NA,NA,NA,NA,NA,NA,NA,NA,NA,NA,NA,NA,NA,NA,NA,NA,NA,NA,NA,NA,NA,NA,NA,NA,NA,0,0,0,0,0.36472,0.36443,0.36863,0.37099,0.45142,0.45456,0.45817,0.46136,0.00232,0.00225,0.00226,0.0027,0.00836,0.00909,0.00839,0.00942,NA
2016-07-15,2016,197,75,grandrivergrass_2016_07_15_120008.jpg,121.55111,95.83537,48.81616,0.36001,0.45661,114.30951,4.91528,91.28566,3.13965,46.79903,3.78983,0.36175,0.00584,0.36001,0.36714,0.37009,0.45292,0.01076,0.45622,0.45859,0.46143,70.75769,NA,0,0,0,0,0.36375,0.36345,0.36741,0.36982,0.45082,0.45409,0.45788,0.46115,0.00228,0.00221,0.00222,0.00265,0.0082,0.00892,0.00824,0.00924,NA
2016-07-16,2016,198,NA,NA,NA,NA,NA,NA,NA,NA,NA,NA,NA,NA,NA,NA,NA,NA,NA,NA,NA,NA,NA,NA,NA,NA,NA,0,0,0,0,0.36278,0.36246,0.36611,0.36857,0.45021,0.45361,0.45758,0.46092,0.00232,0.00225,0.0022,0.00262,0.00836,0.00909,0.00839,0.00942,NA
2016-07-17,2016,199,NA,NA,NA,NA,NA,NA,NA,NA,NA,NA,NA,NA,NA,NA,NA,NA,NA,NA,NA,NA,NA,NA,NA,NA,NA,0,0,0,0,0.36181,0.3615,0.36479,0.36733,0.44968,0.45319,0.45732,0.46074,0.00241,0.00234,0.0022,0.00262,0.00868,0.00944,0.00872,0.00978,NA
2016-07-18,2016,200,75,grandrivergrass_2016_07_18_120007.jpg,105.05816,90.1949,42.63693,0.37915,0.44162,109.96672,6.57303,90.15676,3.24177,45.93381,4.11291,0.36659,0.00907,0.36655,0.37028,0.3737,0.44678,0.01609,0.45129,0.4565,0.46155,70.26432,NA,0,0,0,0,0.36086,0.36056,0.36352,0.36614,0.44934,0.45293,0.45719,0.46069,0.00246,0.00239,0.00222,0.00265,0.00887,0.00964,0.0089,0.00999,NA
2016-07-19,2016,201,NA,NA,NA,NA,NA,NA,NA,NA,NA,NA,NA,NA,NA,NA,NA,NA,NA,NA,NA,NA,NA,NA,NA,NA,NA,0,0,0,0,0.35966,0.35947,0.36238,0.36507,0.44931,0.45284,0.45724,0.46081,0.00242,0.00235,0.00226,0.0027,0.00872,0.00948,0.00875,0.00982,NA
2016-07-20,2016,202,NA,NA,NA,NA,NA,NA,NA,NA,NA,NA,NA,NA,NA,NA,NA,NA,NA,NA,NA,NA,NA,NA,NA,NA,NA,0,0,0,0,0.35827,0.35825,0.36143,0.36419,0.44944,0.45281,0.4574,0.46103,0.00242,0.00235,0.0023,0.00275,0.00872,0.00948,0.00875,0.00982,NA
2016-07-21,2016,203,75,grandrivergrass_2016_07_21_120006.jpg,116.58341,88.88876,48.6976,0.34972,0.45868,114.35807,5.67616,89.81534,3.66096,50.26722,3.3493,0.35302,0.00254,0.35324,0.35501,0.35641,0.44944,0.01171,0.45202,0.45766,0.46024,69.7164,NA,0,0,0,0,0.35717,0.35725,0.36074,0.36357,0.44943,0.45275,0.45748,0.46119,0.00246,0.00239,0.00232,0.00277,0.00887,0.00964,0.0089,0.00999,NA
2016-07-22,2016,204,NA,NA,NA,NA,NA,NA,NA,NA,NA,NA,NA,NA,NA,NA,NA,NA,NA,NA,NA,NA,NA,NA,NA,NA,NA,0,0,0,0,0.35631,0.3564,0.36025,0.36315,0.4493,0.45274,0.45754,0.46134,0.00241,0.00234,0.0023,0.00275,0.00868,0.00944,0.00872,0.00978,NA
2016-07-23,2016,205,NA,NA,NA,NA,NA,NA,NA,NA,NA,NA,NA,NA,NA,NA,NA,NA,NA,NA,NA,NA,NA,NA,NA,NA,NA,0,0,0,0,0.35541,0.3555,0.35984,0.36284,0.44924,0.45287,0.4577,0.46158,0.00232,0.00225,0.00226,0.0027,0.00836,0.00909,0.00839,0.00942,NA
2016-07-24,2016,206,75,grandrivergrass_2016_07_24_120006.jpg,106.42273,87.03461,47.70863,0.36089,0.44128,113.62642,6.41478,90.10913,3.59097,49.87156,3.25614,0.35541,0.00361,0.35628,0.35823,0.35918,0.44794,0.01144,0.45118,0.45588,0.45943,69.11522,NA,0,0,0,0,0.35457,0.35462,0.3595,0.36262,0.44921,0.45306,0.45789,0.46185,0.00228,0.00221,0.00222,0.00265,0.0082,0.00892,0.00824,0.00924,NA
2016-07-25,2016,207,NA,NA,NA,NA,NA,NA,NA,NA,NA,NA,NA,NA,NA,NA,NA,NA,NA,NA,NA,NA,NA,NA,NA,NA,NA,0,0,0,0,0.35386,0.35387,0.35922,0.36247,0.44914,0.45322,0.45803,0.46207,0.00232,0.00225,0.0022,0.00262,0.00836,0.00909,0.00839,0.00942,NA
2016-07-26,2016,208,NA,NA,NA,NA,NA,NA,NA,NA,NA,NA,NA,NA,NA,NA,NA,NA,NA,NA,NA,NA,NA,NA,NA,NA,NA,0,0,0,0,0.35337,0.35333,0.35901,0.36238,0.44898,0.45326,0.45806,0.46216,0.00241,0.00234,0.0022,0.00262,0.00868,0.00944,0.00872,0.00978,NA
2016-07-27,2016,209,71,grandrivergrass_2016_07_27_120007.jpg,124.49654,94.1144,52.36003,0.34732,0.45945,116.5646,6.39561,90.36623,3.63517,50.13373,4.84106,0.35164,0.00379,0.35118,0.35486,0.35692,0.45348,0.01485,0.4565,0.46038,0.46533,68.46299,NA,0,0,0,0,0.35319,0.3531,0.35884,0.36233,0.44867,0.45309,0.45791,0.46206,0.00246,0.00239,0.00222,0.00265,0.00887,0.00964,0.0089,0.00999,NA
2016-07-28,2016,210,NA,NA,NA,NA,NA,NA,NA,NA,NA,NA,NA,NA,NA,NA,NA,NA,NA,NA,NA,NA,NA,NA,NA,NA,NA,0,0,0,0,0.35353,0.35334,0.35872,0.36231,0.44817,0.45283,0.45763,0.46181,0.00242,0.00235,0.00226,0.0027,0.00872,0.00948,0.00875,0.00982,NA
2016-07-29,2016,211,NA,NA,NA,NA,NA,NA,NA,NA,NA,NA,NA,NA,NA,NA,NA,NA,NA,NA,NA,NA,NA,NA,NA,NA,NA,0,0,0,0,0.35426,0.35391,0.35864,0.3623,0.44756,0.45254,0.4573,0.46149,0.00242,0.00235,0.0023,0.00275,0.00872,0.00948,0.00875,0.00982,NA
2016-07-30,2016,212,47,grandrivergrass_2016_07_29_183005.jpg,108.82548,86.69677,49.65856,0.3536,0.44386,112.30298,8.76451,88.97732,3.5044,50.48953,4.72617,0.35353,0.00355,0.3536,0.35604,0.35795,0.44569,0.02154,0.45329,0.45942,0.46351,67.76174,NA,0,0,0,0,0.35487,0.35443,0.3586,0.36229,0.44696,0.4521,0.45688,0.46111,0.00246,0.00239,0.00232,0.00277,0.00887,0.00964,0.0089,0.00999,NA
2016-07-31,2016,213,NA,NA,NA,NA,NA,NA,NA,NA,NA,NA,NA,NA,NA,NA,NA,NA,NA,NA,NA,NA,NA,NA,NA,NA,NA,0,0,0,0,0.35547,0.35501,0.35872,0.36244,0.44622,0.45128,0.45623,0.46053,0.00241,0.00234,0.0023,0.00275,0.00868,0.00944,0.00872,0.00978,NA
2016-08-01,2016,214,NA,NA,NA,NA,NA,NA,NA,NA,NA,NA,NA,NA,NA,NA,NA,NA,NA,NA,NA,NA,NA,NA,NA,NA,NA,0,0,0,0,0.35637,0.35589,0.35908,0.36282,0.44522,0.45008,0.45531,0.45969,0.00232,0.00225,0.00227,0.00271,0.00836,0.00909,0.00839,0.00942,NA
2016-08-02,2016,215,49,grandrivergrass_2016_08_01_183006.jpg,103.41853,90.6249,55.4804,0.36319,0.41446,111.16748,7.90455,90.51295,3.74926,50.02475,3.94403,0.35986,0.00895,0.35787,0.36022,0.3737,0.44138,0.01542,0.44523,0.44994,0.45513,67.01366,NA,0,0,0,0,0.35743,0.35695,0.35957,0.36334,0.44411,0.4487,0.45425,0.45871,0.00228,0.00221,0.00226,0.0027,0.0082,0.00892,0.00824,0.00924,NA
2016-08-03,2016,216,NA,NA,NA,NA,NA,NA,NA,NA,NA,NA,NA,NA,NA,NA,NA,NA,NA,NA,NA,NA,NA,NA,NA,NA,NA,0,0,0,0,0.35849,0.35803,0.3601,0.36389,0.44302,0.4473,0.45316,0.45769,0.00232,0.00225,0.00227,0.00271,0.00836,0.00909,0.00839,0.00942,NA
2016-08-04,2016,217,NA,NA,NA,NA,NA,NA,NA,NA,NA,NA,NA,NA,NA,NA,NA,NA,NA,NA,NA,NA,NA,NA,NA,NA,NA,0,0,0,0,0.35942,0.35898,0.36055,0.36436,0.44209,0.44606,0.45217,0.45675,0.00241,0.00234,0.0023,0.00275,0.00868,0.00944,0.00872,0.00978,NA
2016-08-05,2016,218,72,grandrivergrass_2016_08_05_120005.jpg,110.48387,90.72858,49.33095,0.36213,0.44098,111.28271,6.70102,90.10961,3.23022,48.97665,3.33087,0.36,0.00397,0.3605,0.36268,0.36536,0.44426,0.01424,0.45023,0.45463,0.45691,66.22097,NA,0,0,0,0,0.36006,0.35967,0.36082,0.36463,0.44146,0.44517,0.4514,0.45598,0.00246,0.00239,0.00232,0.00277,0.00887,0.00964,0.0089,0.00999,NA
2016-08-06,2016,219,NA,NA,NA,NA,NA,NA,NA,NA,NA,NA,NA,NA,NA,NA,NA,NA,NA,NA,NA,NA,NA,NA,NA,NA,NA,0,0,0,0,0.36046,0.36015,0.36112,0.3649,0.44116,0.44459,0.45081,0.45534,0.00241,0.00234,0.0023,0.00275,0.00868,0.00944,0.00872,0.00978,NA
2016-08-07,2016,220,NA,NA,NA,NA,NA,NA,NA,NA,NA,NA,NA,NA,NA,NA,NA,NA,NA,NA,NA,NA,NA,NA,NA,NA,NA,0,0,0,0,0.36076,0.36057,0.36163,0.36535,0.44108,0.44415,0.45029,0.45473,0.00232,0.00225,0.00227,0.00271,0.00836,0.00909,0.00839,0.00942,NA
2016-08-08,2016,221,72,grandrivergrass_2016_08_08_120006.jpg,118.72143,96.58863,54.0211,0.35862,0.4408,110.84602,5.91373,91.10919,3.1951,50.27833,3.14093,0.36129,0.00349,0.36186,0.36378,0.36504,0.43935,0.01147,0.43833,0.4486,0.45487,65.38538,NA,0,0,0,0,0.36096,0.36092,0.36225,0.36589,0.44116,0.44383,0.44984,0.45418,0.00228,0.00221,0.00226,0.0027,0.0082,0.00892,0.00824,0.00924,NA
2016-08-09,2016,222,NA,NA,NA,NA,NA,NA,NA,NA,NA,NA,NA,NA,NA,NA,NA,NA,NA,NA,NA,NA,NA,NA,NA,NA,NA,0,0,0,0,0.36108,0.36118,0.36287,0.36642,0.44131,0.44361,0.44948,0.45371,0.00232,0.00225,0.00227,0.00271,0.00836,0.00909,0.00839,0.00942,NA
2016-08-10,2016,223,NA,NA,NA,NA,NA,NA,NA,NA,NA,NA,NA,NA,NA,NA,NA,NA,NA,NA,NA,NA,NA,NA,NA,NA,NA,0,0,0,0,0.36112,0.36135,0.36336,0.36683,0.44148,0.44348,0.4492,0.45335,0.00241,0.00234,0.0023,0.00275,0.00868,0.00944,0.00872,0.00978,NA
2016-08-11,2016,224,70,grandrivergrass_2016_08_11_120006.jpg,120.18142,96.1983,55.2668,0.35413,0.44242,111.65486,6.53956,91.62677,3.73939,50.30189,3.69879,0.36141,0.00537,0.36037,0.36617,0.36855,0.44019,0.01432,0.44328,0.44691,0.45199,64.51069,NA,0,0,0,0,0.36111,0.3614,0.36362,0.36703,0.44159,0.44342,0.44902,0.45312,0.00246,0.00239,0.00232,0.00277,0.00887,0.00964,0.0089,0.00999,NA
2016-08-12,2016,225,NA,NA,NA,NA,NA,NA,NA,NA,NA,NA,NA,NA,NA,NA,NA,NA,NA,NA,NA,NA,NA,NA,NA,NA,NA,0,0,0,0,0.36098,0.36127,0.36372,0.36707,0.44173,0.44355,0.44899,0.45306,0.00241,0.00234,0.0023,0.00275,0.00868,0.00944,0.00872,0.00978,NA
2016-08-13,2016,226,NA,NA,NA,NA,NA,NA,NA,NA,NA,NA,NA,NA,NA,NA,NA,NA,NA,NA,NA,NA,NA,NA,NA,NA,NA,0,0,0,0,0.36069,0.36094,0.36382,0.36707,0.442,0.44394,0.44912,0.45314,0.00232,0.00225,0.00226,0.0027,0.00836,0.00909,0.00839,0.00942,NA
2016-08-14,2016,227,45,grandrivergrass_2016_08_14_120006.jpg,120.33,94.47959,49.96705,0.35683,0.45446,111.65865,7.53771,90.84749,5.45296,49.33819,3.05487,0.36063,0.00591,0.36208,0.36491,0.36587,0.44308,0.01008,0.44482,0.45009,0.45176,63.28526,NA,0,0,0,0,0.36032,0.3605,0.36389,0.36703,0.44233,0.44447,0.44934,0.45332,0.00228,0.00221,0.00222,0.00265,0.0082,0.00892,0.00824,0.00924,NA
2016-08-15,2016,228,NA,NA,NA,NA,NA,NA,NA,NA,NA,NA,NA,NA,NA,NA,NA,NA,NA,NA,NA,NA,NA,NA,NA,NA,NA,0,0,0,0,0.35993,0.36003,0.36392,0.36693,0.44265,0.445,0.44959,0.45353,0.00232,0.00225,0.0022,0.00262,0.00836,0.00909,0.00839,0.00942,NA
2016-08-16,2016,229,NA,NA,NA,NA,NA,NA,NA,NA,NA,NA,NA,NA,NA,NA,NA,NA,NA,NA,NA,NA,NA,NA,NA,NA,NA,0,0,0,0,0.35957,0.35962,0.36391,0.36678,0.4429,0.44542,0.44981,0.45371,0.00241,0.00234,0.0022,0.00262,0.00868,0.00944,0.00872,0.00978,NA
2016-08-17,2016,230,72,grandrivergrass_2016_08_17_120008.jpg,123.40059,97.06773,54.14072,0.35348,0.44937,113.24514,6.03077,90.99769,3.39375,49.92789,4.19863,0.35808,0.00386,0.35783,0.36048,0.36466,0.44553,0.01544,0.44839,0.4514,0.4557,62.64902,NA,0,0,0,0,0.35933,0.35935,0.36384,0.36658,0.44301,0.4456,0.44994,0.45382,0.00246,0.00239,0.00222,0.00265,0.00887,0.00964,0.0089,0.00999,NA
2016-08-18,2016,231,NA,NA,NA,NA,NA,NA,NA,NA,NA,NA,NA,NA,NA,NA,NA,NA,NA,NA,NA,NA,NA,NA,NA,NA,NA,0,0,0,0,0.35925,0.35926,0.36369,0.36631,0.44287,0.44541,0.4499,0.45385,0.00242,0.00235,0.00226,0.0027,0.00872,0.00948,0.00875,0.00982,NA
2016-08-19,2016,232,NA,NA,NA,NA,NA,NA,NA,NA,NA,NA,NA,NA,NA,NA,NA,NA,NA,NA,NA,NA,NA,NA,NA,NA,NA,0,0,0,0,0.35924,0.35925,0.36345,0.36597,0.44258,0.44504,0.44981,0.45387,0.00242,0.00235,0.0023,0.00275,0.00872,0.00948,0.00875,0.00982,NA
2016-08-20,2016,233,70,grandrivergrass_2016_08_20_120009.jpg,114.63455,95.2368,51.902,0.36381,0.43792,113.26715,7.45296,92.49683,3.35566,51.19136,4.38771,0.3601,0.00474,0.35967,0.3645,0.36672,0.44057,0.01741,0.44402,0.44919,0.45426,61.66712,NA,0,0,0,0,0.35913,0.35915,0.36312,0.36557,0.44242,0.44481,0.44984,0.45397,0.00246,0.00239,0.00232,0.00277,0.00887,0.00964,0.0089,0.00999,NA
2016-08-21,2016,234,NA,NA,NA,NA,NA,NA,NA,NA,NA,NA,NA,NA,NA,NA,NA,NA,NA,NA,NA,NA,NA,NA,NA,NA,NA,0,0,0,0,0.35901,0.35905,0.36264,0.36506,0.44224,0.44458,0.4499,0.45403,0.00241,0.00234,0.0023,0.00275,0.00868,0.00944,0.00872,0.00978,NA
2016-08-22,2016,235,NA,NA,NA,NA,NA,NA,NA,NA,NA,NA,NA,NA,NA,NA,NA,NA,NA,NA,NA,NA,NA,NA,NA,NA,NA,0,0,0,0,0.359,0.35907,0.36201,0.36444,0.44184,0.44411,0.44987,0.45397,0.00232,0.00225,0.00226,0.0027,0.00836,0.00909,0.00839,0.00942,NA
2016-08-23,2016,236,69,grandrivergrass_2016_08_23_120007.jpg,114.64848,93.89667,54.13527,0.35746,0.43646,111.5256,5.10543,89.48222,2.442,50.35362,4.09435,0.35601,0.00427,0.35621,0.35917,0.36219,0.44371,0.01678,0.44487,0.45231,0.45605,60.65386,NA,0,0,0,0,0.35901,0.35911,0.36127,0.36372,0.44139,0.44357,0.44984,0.4539,0.00228,0.00221,0.00222,0.00265,0.0082,0.00892,0.00824,0.00924,NA
2016-08-24,2016,237,NA,NA,NA,NA,NA,NA,NA,NA,NA,NA,NA,NA,NA,NA,NA,NA,NA,NA,NA,NA,NA,NA,NA,NA,NA,0,0,0,0,0.35891,0.35905,0.36045,0.36295,0.44106,0.44315,0.4499,0.45391,0.00232,0.00225,0.0022,0.00262,0.00836,0.00909,0.00839,0.00942,NA
2016-08-25,2016,238,NA,NA,NA,NA,NA,NA,NA,NA,NA,NA,NA,NA,NA,NA,NA,NA,NA,NA,NA,NA,NA,NA,NA,NA,NA,0,0,0,0,0.35862,0.35879,0.35958,0.36213,0.44101,0.44304,0.45015,0.45414,0.00241,0.00234,0.0022,0.00262,0.00868,0.00944,0.00872,0.00978,NA
2016-08-26,2016,239,41,grandrivergrass_2016_08_26_120006.jpg,115.61031,92.63241,51.27772,0.35694,0.44548,110.79774,4.95477,91.44973,2.09554,50.65361,3.70136,0.36163,0.00328,0.36159,0.36298,0.36614,0.43807,0.01554,0.43977,0.44548,0.45044,59.61211,NA,0,0,0,0,0.35802,0.35821,0.3587,0.3613,0.44142,0.44342,0.4507,0.45467,0.00246,0.00239,0.00222,0.00265,0.00887,0.00964,0.0089,0.00999,NA
2016-08-27,2016,240,NA,NA,NA,NA,NA,NA,NA,NA,NA,NA,NA,NA,NA,NA,NA,NA,NA,NA,NA,NA,NA,NA,NA,NA,NA,0,0,0,0,0.35694,0.35716,0.35784,0.36048,0.44259,0.44458,0.45181,0.45572,0.00242,0.00235,0.00226,0.0027,0.00872,0.00948,0.00875,0.00982,NA
2016-08-28,2016,241,NA,NA,NA,NA,NA,NA,NA,NA,NA,NA,NA,NA,NA,NA,NA,NA,NA,NA,NA,NA,NA,NA,NA,NA,NA,0,0,0,0,0.35556,0.35582,0.35704,0.3597,0.44422,0.4462,0.45327,0.45709,0.00242,0.00235,0.0023,0.00275,0.00872,0.00948,0.00875,0.00982,NA
2016-08-29,2016,242,66,grandrivergrass_2016_08_29_120006.jpg,109.54745,87.43468,49.35695,0.35494,0.4447,113.27341,6.67138,90.98458,2.84872,51.09338,2.63158,0.35643,0.00503,0.35755,0.36052,0.36294,0.44332,0.01236,0.44437,0.45429,0.45764,58.54432,NA,0,0,0,0,0.35432,0.35462,0.35633,0.35897,0.44559,0.44759,0.45451,0.4583,0.00246,0.00239,0.00232,0.00277,0.00887,0.00964,0.0089,0.00999,NA
2016-08-30,2016,243,NA,NA,NA,NA,NA,NA,NA,NA,NA,NA,NA,NA,NA,NA,NA,NA,NA,NA,NA,NA,NA,NA,NA,NA,NA,0,0,0,0,0.3531,0.35339,0.35564,0.35824,0.44683,0.44893,0.45561,0.45947,0.00241,0.00234,0.0023,0.00275,0.00868,0.00944,0.00872,0.00978,NA
2016-08-31,2016,244,NA,NA,NA,NA,NA,NA,NA,NA,NA,NA,NA,NA,NA,NA,NA,NA,NA,NA,NA,NA,NA,NA,NA,NA,NA,0,0,0,0,0.35158,0.35184,0.35489,0.35742,0.44843,0.45071,0.45696,0.46096,0.00232,0.00225,0.00226,0.0027,0.00836,0.00909,0.00839,0.00942,NA
2016-09-01,2016,245,66,grandrivergrass_2016_09_01_120008.jpg,124.24135,93.00416,51.98874,0.34544,0.46146,118.33883,8.19043,91.76365,3.41591,52.87172,4.58938,0.34909,0.00518,0.34877,0.35296,0.35644,0.44973,0.01867,0.45468,0.45971,0.46225,57.45236,NA,0,0,0,0,0.34993,0.35014,0.3541,0.35655,0.45018,0.45268,0.45842,0.46257,0.00228,0.00221,0.00222,0.00265,0.0082,0.00892,0.00824,0.00924,NA
2016-09-02,2016,246,NA,NA,NA,NA,NA,NA,NA,NA,NA,NA,NA,NA,NA,NA,NA,NA,NA,NA,NA,NA,NA,NA,NA,NA,NA,0,0,0,0,0.34831,0.34846,0.35329,0.35565,0.45187,0.45459,0.45982,0.46414,0.00232,0.00225,0.0022,0.00262,0.00836,0.00909,0.00839,0.00942,NA
2016-09-03,2016,247,NA,NA,NA,NA,NA,NA,NA,NA,NA,NA,NA,NA,NA,NA,NA,NA,NA,NA,NA,NA,NA,NA,NA,NA,NA,0,0,0,0,0.34689,0.34699,0.35246,0.35472,0.45326,0.45618,0.46101,0.46549,0.00241,0.00234,0.0022,0.00262,0.00868,0.00944,0.00872,0.00978,NA
2016-09-04,2016,248,66,grandrivergrass_2016_09_04_120007.jpg,114.03719,84.67999,48.78937,0.34213,0.46074,118.88953,5.27138,87.79684,3.23606,50.77048,3.49901,0.34105,0.0023,0.34095,0.34269,0.34408,0.46182,0.01156,0.46328,0.46605,0.47181,56.3391,NA,0,0,0,0,0.34583,0.34589,0.35164,0.3538,0.45416,0.4572,0.46185,0.46645,0.00246,0.00239,0.00222,0.00265,0.00887,0.00964,0.0089,0.00999,NA
2016-09-05,2016,249,NA,NA,NA,NA,NA,NA,NA,NA,NA,NA,NA,NA,NA,NA,NA,NA,NA,NA,NA,NA,NA,NA,NA,NA,NA,0,0,0,0,0.34515,0.34517,0.35083,0.35291,0.45434,0.45744,0.4621,0.46693,0.00242,0.00235,0.00226,0.0027,0.00872,0.00948,0.00875,0.00982,NA
2016-09-06,2016,250,NA,NA,NA,NA,NA,NA,NA,NA,NA,NA,NA,NA,NA,NA,NA,NA,NA,NA,NA,NA,NA,NA,NA,NA,NA,0,0,0,0,0.34465,0.34464,0.35005,0.35206,0.45412,0.45727,0.46201,0.46715,0.00242,0.00235,0.0023,0.00275,0.00872,0.00948,0.00875,0.00982,NA
2016-09-07,2016,251,65,grandrivergrass_2016_09_07_120009.jpg,110.01489,83.45626,45.80171,0.34879,0.45979,116.39307,6.28227,88.61526,3.43093,51.45455,3.69261,0.34563,0.00439,0.34603,0.34916,0.35032,0.45379,0.01221,0.45543,0.4615,0.46784,55.24276,NA,0,0,0,0,0.34417,0.34412,0.34932,0.35127,0.4541,0.45727,0.46211,0.46743,0.00246,0.00239,0.00232,0.00277,0.00887,0.00964,0.0089,0.00999,NA
2016-09-08,2016,252,NA,NA,NA,NA,NA,NA,NA,NA,NA,NA,NA,NA,NA,NA,NA,NA,NA,NA,NA,NA,NA,NA,NA,NA,NA,0,0,0,0,0.34384,0.3438,0.34864,0.35055,0.45413,0.45727,0.46229,0.46762,0.00241,0.00234,0.0023,0.00275,0.00868,0.00944,0.00872,0.00978,NA
2016-09-09,2016,253,NA,NA,NA,NA,NA,NA,NA,NA,NA,NA,NA,NA,NA,NA,NA,NA,NA,NA,NA,NA,NA,NA,NA,NA,NA,0,0,0,0,0.34382,0.34381,0.34801,0.34989,0.4538,0.45687,0.46223,0.4675,0.00232,0.00225,0.00226,0.0027,0.00836,0.00909,0.00839,0.00942,NA
2016-09-10,2016,254,64,grandrivergrass_2016_09_10_120006.jpg,131.28222,98.93675,58.66282,0.34248,0.45445,115.36595,7.09199,88.52865,3.87884,52.6003,4.43655,0.34519,0.00436,0.34482,0.34827,0.3503,0.44971,0.01736,0.4565,0.45942,0.46272,54.1376,NA,0,0,0,0,0.34397,0.34399,0.34741,0.34925,0.45332,0.45628,0.46207,0.46722,0.00228,0.00221,0.00222,0.00265,0.0082,0.00892,0.00824,0.00924,NA
2016-09-11,2016,255,NA,NA,NA,NA,NA,NA,NA,NA,NA,NA,NA,NA,NA,NA,NA,NA,NA,NA,NA,NA,NA,NA,NA,NA,NA,0,0,0,0,0.34413,0.34419,0.34683,0.34864,0.45289,0.45573,0.46194,0.46695,0.00232,0.00225,0.0022,0.00262,0.00836,0.00909,0.00839,0.00942,NA
2016-09-12,2016,256,NA,NA,NA,NA,NA,NA,NA,NA,NA,NA,NA,NA,NA,NA,NA,NA,NA,NA,NA,NA,NA,NA,NA,NA,NA,0,0,0,0,0.34416,0.34424,0.34625,0.34804,0.45272,0.45545,0.462,0.46686,0.00241,0.00234,0.0022,0.00262,0.00868,0.00944,0.00872,0.00978,NA
2016-09-13,2016,257,65,grandrivergrass_2016_09_13_120006.jpg,113.72009,88.50224,51.20454,0.34922,0.44873,115.22908,5.93884,88.21769,2.99827,52.48295,3.48149,0.34477,0.00476,0.34481,0.34879,0.35055,0.45017,0.01351,0.44978,0.46071,0.46826,53.01775,NA,0,0,0,0,0.34391,0.34398,0.34568,0.34744,0.45301,0.45565,0.46238,0.46712,0.00246,0.00239,0.00222,0.00265,0.00887,0.00964,0.0089,0.00999,NA
2016-09-14,2016,258,NA,NA,NA,NA,NA,NA,NA,NA,NA,NA,NA,NA,NA,NA,NA,NA,NA,NA,NA,NA,NA,NA,NA,NA,NA,0,0,0,0,0.34335,0.34338,0.34508,0.34682,0.45411,0.45661,0.46333,0.46791,0.00242,0.00235,0.00226,0.0027,0.00872,0.00948,0.00875,0.00982,NA
2016-09-15,2016,259,NA,NA,NA,NA,NA,NA,NA,NA,NA,NA,NA,NA,NA,NA,NA,NA,NA,NA,NA,NA,NA,NA,NA,NA,NA,0,0,0,0,0.34265,0.34262,0.34445,0.34617,0.45568,0.45798,0.46461,0.469,0.00242,0.00235,0.0023,0.00275,0.00872,0.00948,0.00875,0.00982,NA
2016-09-16,2016,260,63,grandrivergrass_2016_09_16_120006.jpg,118.88764,90.46108,51.83356,0.34635,0.45519,116.57331,6.74688,88.32733,2.99807,52.25167,3.8128,0.34354,0.00337,0.34391,0.34635,0.34782,0.45316,0.01627,0.45725,0.46431,0.46652,51.8856,NA,0,0,0,0,0.34199,0.34189,0.34379,0.34548,0.45693,0.4591,0.46566,0.4699,0.00246,0.00239,0.00232,0.00277,0.00887,0.00964,0.0089,0.00999,NA
2016-09-17,2016,261,NA,NA,NA,NA,NA,NA,NA,NA,NA,NA,NA,NA,NA,NA,NA,NA,NA,NA,NA,NA,NA,NA,NA,NA,NA,0,0,0,0,0.34134,0.34118,0.3431,0.34478,0.4579,0.46004,0.46651,0.47059,0.00241,0.00234,0.0023,0.00275,0.00868,0.00944,0.00872,0.00978,NA
2016-09-18,2016,262,NA,NA,NA,NA,NA,NA,NA,NA,NA,NA,NA,NA,NA,NA,NA,NA,NA,NA,NA,NA,NA,NA,NA,NA,NA,0,0,0,0,0.34059,0.34034,0.34241,0.34409,0.4591,0.46123,0.46751,0.47136,0.00232,0.00225,0.00226,0.0027,0.00836,0.00909,0.00839,0.00942,NA
2016-09-19,2016,263,62,grandrivergrass_2016_09_19_120005.jpg,117.30566,82.95259,47.25056,0.33515,0.47395,121.20003,4.51984,86.85178,3.20682,50.12432,3.00762,0.33641,0.00196,0.33595,0.33742,0.33921,0.4695,0.00769,0.46948,0.47275,0.47649,50.74327,NA,0,0,0,0,0.33978,0.33944,0.34172,0.3434,0.46038,0.46253,0.46855,0.47218,0.00228,0.00221,0.00222,0.00265,0.0082,0.00892,0.00824,0.00924,NA
2016-09-20,2016,264,NA,NA,NA,NA,NA,NA,NA,NA,NA,NA,NA,NA,NA,NA,NA,NA,NA,NA,NA,NA,NA,NA,NA,NA,NA,0,0,0,0,0.33893,0.3385,0.34103,0.34271,0.46163,0.46381,0.46956,0.47299,0.00232,0.00225,0.0022,0.00262,0.00836,0.00909,0.00839,0.00942,NA
2016-09-21,2016,265,NA,NA,NA,NA,NA,NA,NA,NA,NA,NA,NA,NA,NA,NA,NA,NA,NA,NA,NA,NA,NA,NA,NA,NA,NA,0,0,0,0,0.33808,0.33759,0.34033,0.34202,0.46272,0.46493,0.47044,0.47378,0.00241,0.00234,0.0022,0.00262,0.00868,0.00944,0.00872,0.00978,NA
2016-09-22,2016,266,60,grandrivergrass_2016_09_22_120007.jpg,120.11799,85.51236,49.44806,0.33524,0.47091,120.28829,5.41325,87.20018,2.91463,51.20891,3.37609,0.3371,0.00294,0.33661,0.33945,0.34201,0.46497,0.01323,0.46806,0.47299,0.47744,49.59354,NA,0,0,0,0,0.33725,0.33673,0.3396,0.34131,0.46351,0.46576,0.4711,0.47449,0.00246,0.00239,0.00222,0.00265,0.00887,0.00964,0.0089,0.00999,NA
2016-09-23,2016,267,NA,NA,NA,NA,NA,NA,NA,NA,NA,NA,NA,NA,NA,NA,NA,NA,NA,NA,NA,NA,NA,NA,NA,NA,NA,0,0,0,0,0.33645,0.33597,0.33886,0.34057,0.46373,0.46597,0.47125,0.47503,0.00242,0.00235,0.00226,0.0027,0.00872,0.00948,0.00875,0.00982,NA
2016-09-24,2016,268,NA,NA,NA,NA,NA,NA,NA,NA,NA,NA,NA,NA,NA,NA,NA,NA,NA,NA,NA,NA,NA,NA,NA,NA,NA,0,0,0,0,0.33565,0.33523,0.33809,0.3398,0.46358,0.4658,0.47106,0.47546,0.00242,0.00235,0.0023,0.00275,0.00872,0.00948,0.00875,0.00982,NA
2016-09-25,2016,269,60,grandrivergrass_2016_09_25_120006.jpg,114.02741,85.52159,50.45211,0.34208,0.45611,118.60325,5.73004,87.64788,2.62132,52.98236,3.56495,0.33816,0.0045,0.33683,0.34242,0.34372,0.45746,0.0147,0.46026,0.46823,0.47209,48.43865,NA,0,0,0,0,0.33483,0.33445,0.33728,0.33899,0.46368,0.46593,0.47118,0.47601,0.00246,0.00239,0.00232,0.00277,0.00887,0.00964,0.0089,0.00999,NA
2016-09-26,2016,270,NA,NA,NA,NA,NA,NA,NA,NA,NA,NA,NA,NA,NA,NA,NA,NA,NA,NA,NA,NA,NA,NA,NA,NA,NA,0,0,0,0,0.33399,0.33363,0.33643,0.33811,0.464,0.46639,0.47162,0.4767,0.00241,0.00234,0.0023,0.00275,0.00868,0.00944,0.00872,0.00978,NA
2016-09-27,2016,271,NA,NA,NA,NA,NA,NA,NA,NA,NA,NA,NA,NA,NA,NA,NA,NA,NA,NA,NA,NA,NA,NA,NA,NA,NA,0,0,0,0,0.33312,0.33281,0.33551,0.33718,0.46421,0.46681,0.47204,0.4774,0.00232,0.00225,0.00226,0.0027,0.00836,0.00909,0.00839,0.00942,NA
2016-09-28,2016,272,59,grandrivergrass_2016_09_28_120005.jpg,131.29898,91.68095,55.94359,0.3287,0.47073,122.80262,5.83949,86.93896,3.26306,53.62348,3.88433,0.33012,0.00305,0.33046,0.33207,0.33405,0.46628,0.01448,0.47011,0.47393,0.47637,47.28133,NA,0,0,0,0,0.33224,0.33198,0.33455,0.3362,0.46439,0.46723,0.47247,0.47813,0.00228,0.00221,0.00222,0.00265,0.0082,0.00892,0.00824,0.00924,NA
2016-09-29,2016,273,NA,NA,NA,NA,NA,NA,NA,NA,NA,NA,NA,NA,NA,NA,NA,NA,NA,NA,NA,NA,NA,NA,NA,NA,NA,0,0,0,0,0.33134,0.33114,0.33356,0.33518,0.46462,0.4677,0.47295,0.47887,0.00232,0.00225,0.0022,0.00262,0.00836,0.00909,0.00839,0.00942,NA
2016-09-30,2016,274,NA,NA,NA,NA,NA,NA,NA,NA,NA,NA,NA,NA,NA,NA,NA,NA,NA,NA,NA,NA,NA,NA,NA,NA,NA,0,0,0,0,0.33042,0.33027,0.33256,0.33416,0.46501,0.46828,0.47353,0.47963,0.00241,0.00234,0.0022,0.00262,0.00868,0.00944,0.00872,0.00978,NA
2016-10-01,2016,275,59,grandrivergrass_2016_10_01_120006.jpg,119.21302,84.89926,52.74529,0.33053,0.46412,122.61416,5.87228,87.4257,2.59788,54.80649,3.79553,0.33014,0.00302,0.33102,0.3323,0.33286,0.46293,0.01496,0.46169,0.46757,0.48126,46.12457,NA,0,0,0,0,0.32948,0.32937,0.33156,0.33314,0.46564,0.46901,0.47424,0.48041,0.00246,0.00239,0.00222,0.00265,0.00887,0.00964,0.0089,0.00999,NA
2016-10-02,2016,276,NA,NA,NA,NA,NA,NA,NA,NA,NA,NA,NA,NA,NA,NA,NA,NA,NA,NA,NA,NA,NA,NA,NA,NA,NA,0,0,0,0,0.3284,0.32831,0.33058,0.33214,0.46694,0.47031,0.47534,0.48141,0.00242,0.00235,0.00226,0.0027,0.00872,0.00948,0.00875,0.00982,NA
2016-10-03,2016,277,NA,NA,NA,NA,NA,NA,NA,NA,NA,NA,NA,NA,NA,NA,NA,NA,NA,NA,NA,NA,NA,NA,NA,NA,NA,0,0,0,0,0.32722,0.32715,0.32965,0.33117,0.46871,0.472,0.47672,0.48259,0.00242,0.00235,0.0023,0.00275,0.00872,0.00948,0.00875,0.00982,NA
2016-10-04,2016,278,55,grandrivergrass_2016_10_04_120008.jpg,116.98399,82.4007,52.04787,0.32772,0.46527,122.45039,9.35383,84.58964,4.82962,52.96037,4.91854,0.32537,0.00254,0.32444,0.32717,0.329,0.47075,0.01919,0.47849,0.48405,0.48706,44.97103,NA,0,0,0,0,0.32615,0.3261,0.32876,0.33026,0.47002,0.47327,0.47787,0.48361,0.00246,0.00239,0.00232,0.00277,0.00887,0.00964,0.0089,0.00999,NA
2016-10-05,2016,279,NA,NA,NA,NA,NA,NA,NA,NA,NA,NA,NA,NA,NA,NA,NA,NA,NA,NA,NA,NA,NA,NA,NA,NA,NA,0,0,0,0,0.32523,0.32519,0.32789,0.32936,0.47067,0.47395,0.47872,0.48436,0.00241,0.00234,0.0023,0.00275,0.00868,0.00944,0.00872,0.00978,NA
2016-10-06,2016,280,NA,NA,NA,NA,NA,NA,NA,NA,NA,NA,NA,NA,NA,NA,NA,NA,NA,NA,NA,NA,NA,NA,NA,NA,NA,0,0,0,0,0.32437,0.32431,0.32697,0.32842,0.47112,0.47445,0.47955,0.48499,0.00232,0.00225,0.00226,0.0027,0.00836,0.00909,0.00839,0.00942,NA
2016-10-07,2016,281,56,grandrivergrass_2016_10_07_120007.jpg,127.08019,87.54277,54.93662,0.32476,0.47144,123.4438,5.1956,85.01699,3.09055,53.06784,3.22449,0.32509,0.00291,0.32475,0.32694,0.32866,0.47204,0.01065,0.47524,0.47931,0.48246,43.82366,NA,0,0,0,0,0.32355,0.32346,0.32604,0.32745,0.47145,0.47484,0.48038,0.48557,0.00228,0.00221,0.00222,0.00265,0.0082,0.00892,0.00824,0.00924,NA
2016-10-08,2016,282,NA,NA,NA,NA,NA,NA,NA,NA,NA,NA,NA,NA,NA,NA,NA,NA,NA,NA,NA,NA,NA,NA,NA,NA,NA,0,0,0,0,0.32275,0.32262,0.32509,0.32647,0.47178,0.47523,0.4812,0.48615,0.00232,0.00225,0.0022,0.00262,0.00836,0.00909,0.00839,0.00942,NA
2016-10-09,2016,283,NA,NA,NA,NA,NA,NA,NA,NA,NA,NA,NA,NA,NA,NA,NA,NA,NA,NA,NA,NA,NA,NA,NA,NA,NA,0,0,0,0,0.32196,0.3218,0.32415,0.32549,0.47218,0.4757,0.48202,0.48679,0.00241,0.00234,0.0022,0.00262,0.00868,0.00944,0.00872,0.00978,NA
2016-10-10,2016,284,38,grandrivergrass_2016_10_09_163005.jpg,119.8343,80.07778,48.92487,0.32181,0.48158,126.14588,4.911,83.98494,3.33465,52.79541,3.57008,0.31941,0.00173,0.31922,0.32055,0.32189,0.47989,0.01054,0.48191,0.48581,0.49033,42.68606,NA,0,0,0,0,0.32117,0.32099,0.32323,0.32454,0.47277,0.47632,0.48286,0.48755,0.00246,0.00239,0.00222,0.00265,0.00887,0.00964,0.0089,0.00999,NA
2016-10-11,2016,285,NA,NA,NA,NA,NA,NA,NA,NA,NA,NA,NA,NA,NA,NA,NA,NA,NA,NA,NA,NA,NA,NA,NA,NA,NA,0,0,0,0,0.32039,0.32019,0.32234,0.32362,0.47337,0.477,0.48353,0.48841,0.00242,0.00235,0.00226,0.0027,0.00872,0.00948,0.00875,0.00982,NA
2016-10-12,2016,286,NA,NA,NA,NA,NA,NA,NA,NA,NA,NA,NA,NA,NA,NA,NA,NA,NA,NA,NA,NA,NA,NA,NA,NA,NA,0,0,0,0,0.31962,0.3194,0.32151,0.32276,0.47392,0.47762,0.48405,0.48931,0.00242,0.00235,0.0023,0.00275,0.00872,0.00948,0.00875,0.00982,NA
2016-10-13,2016,287,57,grandrivergrass_2016_10_13_120008.jpg,135.96216,89.64047,58.1975,0.31586,0.47908,123.595,5.81656,84.5205,3.22103,56.67077,4.56086,0.31918,0.00394,0.3205,0.32238,0.32366,0.46686,0.0175,0.46774,0.47908,0.48493,41.56052,NA,0,0,0,0,0.31887,0.31864,0.32074,0.32197,0.4746,0.47828,0.48471,0.49022,0.00246,0.00239,0.00232,0.00277,0.00887,0.00964,0.0089,0.00999,NA
2016-10-14,2016,288,NA,NA,NA,NA,NA,NA,NA,NA,NA,NA,NA,NA,NA,NA,NA,NA,NA,NA,NA,NA,NA,NA,NA,NA,NA,0,0,0,0,0.31812,0.31791,0.32003,0.32122,0.47548,0.47905,0.48563,0.49121,0.00241,0.00234,0.0023,0.00275,0.00868,0.00944,0.00872,0.00978,NA
2016-10-15,2016,289,NA,NA,NA,NA,NA,NA,NA,NA,NA,NA,NA,NA,NA,NA,NA,NA,NA,NA,NA,NA,NA,NA,NA,NA,NA,0,0,0,0,0.31738,0.31719,0.31933,0.32048,0.47646,0.4799,0.48664,0.49234,0.00232,0.00225,0.00226,0.0027,0.00836,0.00909,0.00839,0.00942,NA
2016-10-16,2016,290,54,grandrivergrass_2016_10_16_120006.jpg,131.70602,82.50986,48.92114,0.31356,0.50052,123.94739,7.35317,82.96607,2.98065,54.34887,4.58716,0.31757,0.00371,0.31578,0.32136,0.32257,0.47432,0.02021,0.48221,0.48955,0.49758,40.45037,NA,0,0,0,0,0.31666,0.31649,0.31866,0.31976,0.47752,0.48081,0.48773,0.49355,0.00228,0.00221,0.00222,0.00265,0.0082,0.00892,0.00824,0.00924,NA
2016-10-17,2016,291,NA,NA,NA,NA,NA,NA,NA,NA,NA,NA,NA,NA,NA,NA,NA,NA,NA,NA,NA,NA,NA,NA,NA,NA,NA,0,0,0,0,0.31596,0.31581,0.31802,0.31907,0.47861,0.48172,0.48886,0.49477,0.00232,0.00225,0.0022,0.00262,0.00836,0.00909,0.00839,0.00942,NA
2016-10-18,2016,292,NA,NA,NA,NA,NA,NA,NA,NA,NA,NA,NA,NA,NA,NA,NA,NA,NA,NA,NA,NA,NA,NA,NA,NA,NA,0,0,0,0,0.31529,0.31517,0.31741,0.3184,0.47972,0.48261,0.49,0.49595,0.00241,0.00234,0.0022,0.00262,0.00868,0.00944,0.00872,0.00978,NA
2016-10-19,2016,293,52,grandrivergrass_2016_10_19_120007.jpg,143.8012,93.78864,59.97895,0.31518,0.48325,128.5181,6.77074,83.22126,4.21184,52.78924,4.20578,0.31459,0.00186,0.31463,0.31578,0.31666,0.48592,0.01281,0.48832,0.49177,0.4973,39.35868,NA,0,0,0,0,0.31465,0.31457,0.31683,0.31777,0.4808,0.48344,0.4911,0.49703,0.00246,0.00239,0.00222,0.00265,0.00887,0.00964,0.0089,0.00999,NA
2016-10-20,2016,294,NA,NA,NA,NA,NA,NA,NA,NA,NA,NA,NA,NA,NA,NA,NA,NA,NA,NA,NA,NA,NA,NA,NA,NA,NA,0,0,0,0,0.31394,0.31395,0.31628,0.31718,0.48241,0.48451,0.49247,0.49825,0.00242,0.00235,0.00226,0.0027,0.00872,0.00948,0.00875,0.00982,NA
2016-10-21,2016,295,NA,NA,NA,NA,NA,NA,NA,NA,NA,NA,NA,NA,NA,NA,NA,NA,NA,NA,NA,NA,NA,NA,NA,NA,NA,0,0,0,0,0.31318,0.3133,0.31576,0.31664,0.48445,0.48579,0.49407,0.49961,0.00242,0.00235,0.0023,0.00275,0.00872,0.00948,0.00875,0.00982,NA
2016-10-22,2016,296,34,grandrivergrass_2016_10_22_120007.jpg,123.50936,76.57344,47.27624,0.30956,0.49931,128.62956,5.69671,82.23485,4.37794,52.73526,4.0192,0.31193,0.00195,0.3121,0.3132,0.31422,0.4882,0.00877,0.48919,0.49436,0.49757,38.28811,NA,0,0,0,0,0.31256,0.31275,0.31527,0.31615,0.48597,0.48678,0.49536,0.50069,0.00246,0.00239,0.00232,0.00277,0.00887,0.00964,0.0089,0.00999,NA
2016-10-23,2016,297,NA,NA,NA,NA,NA,NA,NA,NA,NA,NA,NA,NA,NA,NA,NA,NA,NA,NA,NA,NA,NA,NA,NA,NA,NA,0,0,0,0,0.3121,0.31237,0.31484,0.31574,0.48684,0.4873,0.4963,0.50143,0.00241,0.00234,0.0023,0.00275,0.00868,0.00944,0.00872,0.00978,NA
2016-10-24,2016,298,NA,NA,NA,NA,NA,NA,NA,NA,NA,NA,NA,NA,NA,NA,NA,NA,NA,NA,NA,NA,NA,NA,NA,NA,NA,0,0,0,0,0.31171,0.31209,0.31447,0.3154,0.48753,0.48757,0.49719,0.50208,0.00232,0.00225,0.00227,0.0027,0.00836,0.00909,0.00839,0.00942,NA
2016-10-25,2016,299,51,grandrivergrass_2016_10_25_120006.jpg,119.50386,80.62576,56.80106,0.3138,0.46512,127.00604,4.89273,82.23436,2.93555,54.55169,4.51955,0.3117,0.00319,0.31306,0.31457,0.3154,0.48164,0.01692,0.47825,0.49773,0.50377,37.24179,NA,0,0,0,0,0.31139,0.31189,0.31416,0.31513,0.48803,0.48766,0.49799,0.50262,0.00228,0.00221,0.00223,0.00266,0.0082,0.00892,0.00824,0.00924,NA
2016-10-26,2016,300,NA,NA,NA,NA,NA,NA,NA,NA,NA,NA,NA,NA,NA,NA,NA,NA,NA,NA,NA,NA,NA,NA,NA,NA,NA,0,0,0,0,0.31113,0.31174,0.31389,0.3149,0.48834,0.48763,0.49864,0.50303,0.00232,0.00225,0.0022,0.00263,0.00836,0.00909,0.00839,0.00942,NA
2016-10-27,2016,301,NA,NA,NA,NA,NA,NA,NA,NA,NA,NA,NA,NA,NA,NA,NA,NA,NA,NA,NA,NA,NA,NA,NA,NA,NA,0,0,0,0,0.31091,0.31159,0.31364,0.3147,0.48844,0.48758,0.49909,0.50329,0.00241,0.00234,0.00221,0.00264,0.00868,0.00944,0.00872,0.00978,NA
2016-10-28,2016,302,47,grandrivergrass_2016_10_28_120010.jpg,133.10788,83.68198,53.04592,0.31012,0.49329,129.06746,4.86667,80.65928,3.50535,50.97009,3.38851,0.30936,0.00213,0.30962,0.31056,0.31149,0.49524,0.00996,0.49527,0.50153,0.50633,36.22285,NA,0,0,0,0,0.31073,0.31143,0.3134,0.31452,0.48834,0.48756,0.4993,0.50339,0.00246,0.00239,0.00224,0.00267,0.00887,0.00964,0.0089,0.00999,NA
2016-10-29,2016,303,NA,NA,NA,NA,NA,NA,NA,NA,NA,NA,NA,NA,NA,NA,NA,NA,NA,NA,NA,NA,NA,NA,NA,NA,NA,0,0,0,0,0.31074,0.31138,0.31315,0.31433,0.48772,0.48746,0.49905,0.50313,0.00242,0.00235,0.00228,0.00272,0.00872,0.00948,0.00875,0.00982,NA
2016-10-30,2016,304,NA,NA,NA,NA,NA,NA,NA,NA,NA,NA,NA,NA,NA,NA,NA,NA,NA,NA,NA,NA,NA,NA,NA,NA,NA,0,0,0,0,0.31091,0.31144,0.31288,0.31413,0.48672,0.48726,0.49845,0.50261,0.00242,0.00235,0.00232,0.00277,0.00872,0.00948,0.00875,0.00982,NA
2016-10-31,2016,305,26,grandrivergrass_2016_10_31_113006.jpg,128.58689,86.67922,60.36248,0.31448,0.46652,129.26122,5.85153,82.55711,3.48432,53.68672,4.11232,0.31093,0.00254,0.31106,0.31293,0.31383,0.48695,0.01436,0.48803,0.49957,0.502,34.59407,NA,0,0,0,0,0.31095,0.31137,0.31258,0.31389,0.48596,0.4872,0.49802,0.50221,0.00246,0.00239,0.00234,0.00279,0.00887,0.00964,0.0089,0.00999,NA
2016-11-01,2016,306,NA,NA,NA,NA,NA,NA,NA,NA,NA,NA,NA,NA,NA,NA,NA,NA,NA,NA,NA,NA,NA,NA,NA,NA,NA,0,0,0,0,0.31086,0.31116,0.31231,0.31369,0.48538,0.48729,0.49765,0.5018,0.00241,0.00234,0.00233,0.00278,0.00868,0.00944,0.00872,0.00978,NA
2016-11-02,2016,307,NA,NA,NA,NA,NA,NA,NA,NA,NA,NA,NA,NA,NA,NA,NA,NA,NA,NA,NA,NA,NA,NA,NA,NA,NA,0,0,0,0,0.31079,0.31095,0.31211,0.31359,0.48458,0.48739,0.49699,0.50111,0.00232,0.00225,0.00232,0.00277,0.00836,0.00909,0.00839,0.00942,NA
2016-11-03,2016,308,28,grandrivergrass_2016_11_03_120006.jpg,129.76542,81.48721,51.2083,0.31047,0.49442,126.20235,3.65944,82.03684,3.36201,54.33936,5.20937,0.31237,0.0029,0.3129,0.31443,0.31583,0.48101,0.01654,0.48482,0.4955,0.49917,34.27977,NA,0,0,0,0,0.31074,0.31073,0.31197,0.31356,0.48368,0.4875,0.49621,0.5003,0.00228,0.00221,0.00232,0.00277,0.0082,0.00892,0.00824,0.00924,NA
2016-11-04,2016,309,NA,NA,NA,NA,NA,NA,NA,NA,NA,NA,NA,NA,NA,NA,NA,NA,NA,NA,NA,NA,NA,NA,NA,NA,NA,0,0,0,0,0.31065,0.31047,0.31186,0.31357,0.48281,0.48762,0.49545,0.49953,0.00232,0.00225,0.00234,0.00279,0.00836,0.00909,0.00839,0.00942,NA
2016-11-05,2016,310,NA,NA,NA,NA,NA,NA,NA,NA,NA,NA,NA,NA,NA,NA,NA,NA,NA,NA,NA,NA,NA,NA,NA,NA,NA,0,0,0,0,0.3105,0.31016,0.31175,0.31359,0.4821,0.48774,0.49488,0.49895,0.00241,0.00234,0.00238,0.00284,0.00868,0.00944,0.00872,0.00978,NA
2016-11-06,2016,311,51,grandrivergrass_2016_11_06_120007.jpg,135.47482,85.40662,55.81067,0.30867,0.48962,126.51961,6.6062,82.07438,3.74895,55.96411,5.13901,0.31019,0.00224,0.30969,0.31148,0.31306,0.47835,0.01797,0.48467,0.48988,0.49657,33.36194,NA,0,0,0,0,0.31026,0.30979,0.31162,0.31358,0.48168,0.48788,0.49465,0.49874,0.00246,0.00239,0.00243,0.00289,0.00887,0.00964,0.0089,0.00999,NA
2016-11-07,2016,312,NA,NA,NA,NA,NA,NA,NA,NA,NA,NA,NA,NA,NA,NA,NA,NA,NA,NA,NA,NA,NA,NA,NA,NA,NA,0,0,0,0,0.30986,0.30925,0.31145,0.31352,0.48168,0.48834,0.4949,0.4991,0.00242,0.00235,0.00247,0.00294,0.00872,0.00948,0.00875,0.00982,NA
2016-11-08,2016,313,NA,NA,NA,NA,NA,NA,NA,NA,NA,NA,NA,NA,NA,NA,NA,NA,NA,NA,NA,NA,NA,NA,NA,NA,NA,0,0,0,0,0.30936,0.30858,0.31121,0.31338,0.48193,0.48905,0.49542,0.49979,0.00242,0.00235,0.00248,0.00296,0.00872,0.00948,0.00875,0.00982,NA
2016-11-09,2016,314,46,grandrivergrass_2016_11_09_120006.jpg,141.49205,89.43475,59.79034,0.30763,0.4867,126.84318,6.84697,81.06718,5.3573,54.64239,6.04303,0.30868,0.0038,0.30742,0.31218,0.3144,0.48358,0.0177,0.49179,0.49771,0.49949,32.48406,NA,0,0,0,0,0.30888,0.30798,0.31087,0.31312,0.48209,0.48943,0.4958,0.50028,0.00246,0.00239,0.00246,0.00293,0.00887,0.00964,0.0089,0.00999,NA
2016-11-10,2016,315,NA,NA,NA,NA,NA,NA,NA,NA,NA,NA,NA,NA,NA,NA,NA,NA,NA,NA,NA,NA,NA,NA,NA,NA,NA,0,0,0,0,0.30841,0.30745,0.31047,0.3128,0.48229,0.4896,0.49627,0.50074,0.00244,0.00237,0.00241,0.00287,0.00879,0.00956,0.00882,0.0099,NA
2016-11-11,2016,316,NA,NA,NA,NA,NA,NA,NA,NA,NA,NA,NA,NA,NA,NA,NA,NA,NA,NA,NA,NA,NA,NA,NA,NA,NA,0,0,0,0,0.30786,0.30683,0.31006,0.31247,0.48281,0.48994,0.49715,0.50154,0.00242,0.00235,0.00237,0.00283,0.00873,0.00949,0.00877,0.00984,NA
2016-11-12,2016,317,45,grandrivergrass_2016_11_12_120008.jpg,122.19463,72.75886,46.19253,0.30172,0.50672,126.56177,6.45645,80.10887,4.88335,54.63035,5.54417,0.3065,0.00381,0.3057,0.3075,0.31258,0.48474,0.017,0.49095,0.49766,0.50324,31.64915,NA,0,0,0,0,0.30728,0.3062,0.30963,0.31213,0.48347,0.49028,0.49817,0.50247,0.00247,0.0024,0.00236,0.00282,0.00889,0.00967,0.00893,0.01002,NA
2016-11-13,2016,318,NA,NA,NA,NA,NA,NA,NA,NA,NA,NA,NA,NA,NA,NA,NA,NA,NA,NA,NA,NA,NA,NA,NA,NA,NA,0,0,0,0,0.30668,0.30558,0.30917,0.31175,0.48409,0.49045,0.4991,0.5033,0.00257,0.00249,0.00238,0.00284,0.00924,0.01005,0.00928,0.01042,NA
2016-11-14,2016,319,NA,NA,NA,NA,NA,NA,NA,NA,NA,NA,NA,NA,NA,NA,NA,NA,NA,NA,NA,NA,NA,NA,NA,NA,NA,0,0,0,0,0.30611,0.30503,0.30866,0.31133,0.48451,0.49028,0.49967,0.5038,0.00264,0.00256,0.00242,0.00289,0.00952,0.01035,0.00956,0.01073,NA
2016-11-15,2016,320,45,grandrivergrass_2016_11_15_120008.jpg,125.32035,75.52729,48.72167,0.30263,0.50215,128.5819,7.23317,81.04546,5.05379,55.0902,5.54405,0.30609,0.00425,0.30457,0.31059,0.3124,0.48606,0.01786,0.49261,0.50126,0.50589,30.86009,NA,0,0,0,0,0.30559,0.3046,0.30812,0.31084,0.48454,0.4896,0.49965,0.50376,0.00261,0.00253,0.0025,0.00299,0.0094,0.01022,0.00944,0.01059,NA
2016-11-16,2016,321,NA,NA,NA,NA,NA,NA,NA,NA,NA,NA,NA,NA,NA,NA,NA,NA,NA,NA,NA,NA,NA,NA,NA,NA,NA,0,0,0,0,0.30514,0.30429,0.30752,0.31026,0.48429,0.48844,0.49933,0.50349,0.00256,0.00248,0.00262,0.00313,0.00921,0.01001,0.00925,0.01038,NA
2016-11-17,2016,322,NA,NA,NA,NA,NA,NA,NA,NA,NA,NA,NA,NA,NA,NA,NA,NA,NA,NA,NA,NA,NA,NA,NA,NA,NA,0,0,0,0,0.30471,0.30404,0.30686,0.3096,0.48391,0.48699,0.49887,0.50311,0.0026,0.00252,0.0028,0.00334,0.00935,0.01017,0.00939,0.01054,NA
2016-11-18,2016,323,45,grandrivergrass_2016_11_18_120006.jpg,129.80831,83.75934,61.65666,0.30433,0.47165,128.65512,5.85075,81.45073,4.20744,57.5245,5.88278,0.30428,0.00326,0.3043,0.30552,0.30748,0.4811,0.01856,0.4809,0.49934,0.50246,30.11946,NA,0,0,0,0,0.30425,0.30379,0.30612,0.30882,0.48335,0.48533,0.4978,0.50211,0.00264,0.00256,0.00307,0.00366,0.0095,0.01033,0.00954,0.0107,NA
2016-11-19,2016,324,NA,NA,NA,NA,NA,NA,NA,NA,NA,NA,NA,NA,NA,NA,NA,NA,NA,NA,NA,NA,NA,NA,NA,NA,NA,0,0,0,0,0.30377,0.30352,0.30537,0.30799,0.48268,0.48364,0.49607,0.50045,0.00279,0.0027,0.00345,0.00412,0.01004,0.01091,0.01008,0.01131,NA
2016-11-20,2016,325,NA,NA,NA,NA,NA,NA,NA,NA,NA,NA,NA,NA,NA,NA,NA,NA,NA,NA,NA,NA,NA,NA,NA,NA,NA,0,0,0,0,0.30327,0.30322,0.30463,0.30717,0.48206,0.48209,0.49392,0.49849,0.00331,0.00321,0.00396,0.00472,0.01193,0.01298,0.01198,0.01344,NA
2016-11-21,2016,326,36,grandrivergrass_2016_11_21_120007.jpg,123.01777,79.11212,59.29262,0.30262,0.47057,128.7951,6.96091,81.02812,5.06669,57.77537,5.24095,0.30271,0.00275,0.30288,0.30345,0.30626,0.48159,0.0136,0.48075,0.49057,0.49547,29.42982,NA,0,0,0,0,0.30275,0.3029,0.3039,0.30636,0.48151,0.48076,0.49135,0.49622,0.00437,0.00424,0.00463,0.00553,0.01574,0.01712,0.01581,0.01774,NA
2016-11-22,2016,327,NA,NA,NA,NA,NA,NA,NA,NA,NA,NA,NA,NA,NA,NA,NA,NA,NA,NA,NA,NA,NA,NA,NA,NA,NA,0,0,0,0,0.30222,0.30254,0.30317,0.30556,0.48105,0.4797,0.48833,0.49368,0.02,0.02,0.02,0.02,0.02,0.02,0.02,0.02,1
2016-11-23,2016,328,NA,NA,NA,NA,NA,NA,NA,NA,NA,NA,NA,NA,NA,NA,NA,NA,NA,NA,NA,NA,NA,NA,NA,NA,NA,0,0,0,0,0.30168,0.30214,0.30244,0.30474,0.48073,0.47897,0.48488,0.49086,0.02,0.02,0.02,0.02,0.02,0.02,0.02,0.02,1
2016-11-24,2016,329,0,None,NA,NA,NA,NA,NA,NA,NA,NA,NA,NA,NA,NA,NA,NA,NA,NA,NA,NA,NA,NA,NA,NA,NA,0,0,0,0,0.30112,0.30169,0.3017,0.30391,0.48057,0.47864,0.48096,0.4878,0.02,0.02,0.02,0.02,0.02,0.02,0.02,0.02,1
2016-11-25,2016,330,NA,NA,NA,NA,NA,NA,NA,NA,NA,NA,NA,NA,NA,NA,NA,NA,NA,NA,NA,NA,NA,NA,NA,NA,NA,0,0,0,0,0.3009,0.30134,0.30094,0.30306,0.48044,0.47893,0.47948,0.48677,0.02,0.02,0.02,0.02,0.02,0.02,0.02,0.02,1
2016-11-26,2016,331,NA,NA,NA,NA,NA,NA,NA,NA,NA,NA,NA,NA,NA,NA,NA,NA,NA,NA,NA,NA,NA,NA,NA,NA,NA,0,0,0,0,0.30107,0.30112,0.30016,0.30219,0.48029,0.47978,0.48079,0.48804,0.02,0.02,0.02,0.02,0.02,0.02,0.02,0.02,1
2016-11-27,2016,332,0,None,NA,NA,NA,NA,NA,NA,NA,NA,NA,NA,NA,NA,NA,NA,NA,NA,NA,NA,NA,NA,NA,NA,NA,0,0,0,0,0.30115,0.30084,0.29935,0.30127,0.48022,0.48077,0.4811,0.48858,0.02,0.02,0.02,0.02,0.02,0.02,0.02,0.02,1
2016-11-28,2016,333,NA,NA,NA,NA,NA,NA,NA,NA,NA,NA,NA,NA,NA,NA,NA,NA,NA,NA,NA,NA,NA,NA,NA,NA,NA,0,0,0,0,0.30119,0.30061,0.29865,0.30053,0.47963,0.48106,0.48063,0.48847,0.02,0.02,0.02,0.02,0.02,0.02,0.02,0.02,1
2016-11-29,2016,334,NA,NA,NA,NA,NA,NA,NA,NA,NA,NA,NA,NA,NA,NA,NA,NA,NA,NA,NA,NA,NA,NA,NA,NA,NA,0,0,0,0,0.30144,0.30056,0.2982,0.30014,0.47815,0.48035,0.48167,0.4895,0.02,0.02,0.02,0.02,0.02,0.02,0.02,0.02,1
2016-11-30,2016,335,0,None,NA,NA,NA,NA,NA,NA,NA,NA,NA,NA,NA,NA,NA,NA,NA,NA,NA,NA,NA,NA,NA,NA,NA,0,0,0,0,0.30179,0.30062,0.29794,0.30001,0.47621,0.47907,0.48359,0.49117,0.02,0.02,0.02,0.02,0.02,0.02,0.02,0.02,1
2016-12-01,2016,336,NA,NA,NA,NA,NA,NA,NA,NA,NA,NA,NA,NA,NA,NA,NA,NA,NA,NA,NA,NA,NA,NA,NA,NA,NA,0,0,0,0,0.3021,0.30069,0.29784,0.3001,0.47426,0.47766,0.48576,0.49298,0.02,0.02,0.02,0.02,0.02,0.02,0.02,0.02,1
2016-12-02,2016,337,NA,NA,NA,NA,NA,NA,NA,NA,NA,NA,NA,NA,NA,NA,NA,NA,NA,NA,NA,NA,NA,NA,NA,NA,NA,0,0,0,0,0.30226,0.30068,0.29785,0.30032,0.47275,0.47655,0.48754,0.49444,0.02,0.02,0.02,0.02,0.02,0.02,0.02,0.02,1
2016-12-03,2016,338,0,None,NA,NA,NA,NA,NA,NA,NA,NA,NA,NA,NA,NA,NA,NA,NA,NA,NA,NA,NA,NA,NA,NA,NA,0,0,0,0,0.30213,0.30051,0.29793,0.30061,0.47212,0.47619,0.48829,0.49504,0.02,0.02,0.02,0.02,0.02,0.02,0.02,0.02,1
2016-12-04,2016,339,NA,NA,NA,NA,NA,NA,NA,NA,NA,NA,NA,NA,NA,NA,NA,NA,NA,NA,NA,NA,NA,NA,NA,NA,NA,0,0,0,0,0.30189,0.30029,0.29804,0.30091,0.47197,0.47607,0.48795,0.49454,0.02,0.02,0.02,0.02,0.02,0.02,0.02,0.02,1
2016-12-05,2016,340,NA,NA,NA,NA,NA,NA,NA,NA,NA,NA,NA,NA,NA,NA,NA,NA,NA,NA,NA,NA,NA,NA,NA,NA,NA,0,0,0,0,0.30168,0.30013,0.29815,0.30115,0.4718,0.47575,0.48732,0.49365,0.02,0.02,0.02,0.02,0.02,0.02,0.02,0.02,1
2016-12-06,2016,341,0,None,NA,NA,NA,NA,NA,NA,NA,NA,NA,NA,NA,NA,NA,NA,NA,NA,NA,NA,NA,NA,NA,NA,NA,0,0,0,0,0.30138,0.29991,0.29819,0.30125,0.47192,0.47584,0.48715,0.49334,0.02,0.02,0.02,0.02,0.02,0.02,0.02,0.02,1
2016-12-07,2016,342,NA,NA,NA,NA,NA,NA,NA,NA,NA,NA,NA,NA,NA,NA,NA,NA,NA,NA,NA,NA,NA,NA,NA,NA,NA,0,0,0,0,0.30085,0.2995,0.29805,0.30104,0.47311,0.47721,0.48824,0.49443,0.02,0.02,0.02,0.02,0.02,0.02,0.02,0.02,1
2016-12-08,2016,343,NA,NA,NA,NA,NA,NA,NA,NA,NA,NA,NA,NA,NA,NA,NA,NA,NA,NA,NA,NA,NA,NA,NA,NA,NA,0,0,0,0,0.3001,0.29892,0.29767,0.30045,0.47546,0.47984,0.49047,0.49666,0.02,0.02,0.02,0.02,0.02,0.02,0.02,0.02,1
2016-12-09,2016,344,0,None,NA,NA,NA,NA,NA,NA,NA,NA,NA,NA,NA,NA,NA,NA,NA,NA,NA,NA,NA,NA,NA,NA,NA,0,0,0,0,0.29924,0.29826,0.29711,0.29958,0.47834,0.48306,0.49321,0.49941,0.02,0.02,0.02,0.02,0.02,0.02,0.02,0.02,1
2016-12-10,2016,345,NA,NA,NA,NA,NA,NA,NA,NA,NA,NA,NA,NA,NA,NA,NA,NA,NA,NA,NA,NA,NA,NA,NA,NA,NA,0,0,0,0,0.29839,0.29762,0.29645,0.29853,0.48111,0.48616,0.49582,0.50205,0.02,0.02,0.02,0.02,0.02,0.02,0.02,0.02,1
2016-12-11,2016,346,NA,NA,NA,NA,NA,NA,NA,NA,NA,NA,NA,NA,NA,NA,NA,NA,NA,NA,NA,NA,NA,NA,NA,NA,NA,0,0,0,0,0.29766,0.29707,0.29575,0.29743,0.48312,0.48845,0.49765,0.50396,0.02,0.02,0.02,0.02,0.02,0.02,0.02,0.02,1
2016-12-12,2016,347,0,None,NA,NA,NA,NA,NA,NA,NA,NA,NA,NA,NA,NA,NA,NA,NA,NA,NA,NA,NA,NA,NA,NA,NA,0,0,0,0,0.29715,0.2967,0.29509,0.29638,0.48373,0.48924,0.49807,0.5045,0.02,0.02,0.02,0.02,0.02,0.02,0.02,0.02,1
2016-12-13,2016,348,NA,NA,NA,NA,NA,NA,NA,NA,NA,NA,NA,NA,NA,NA,NA,NA,NA,NA,NA,NA,NA,NA,NA,NA,NA,0,0,0,0,0.29665,0.29632,0.29452,0.29548,0.48549,0.49123,0.49965,0.50646,0.02,0.02,0.02,0.02,0.02,0.02,0.02,0.02,1
2016-12-14,2016,349,NA,NA,NA,NA,NA,NA,NA,NA,NA,NA,NA,NA,NA,NA,NA,NA,NA,NA,NA,NA,NA,NA,NA,NA,NA,0,0,0,0,0.29607,0.29587,0.29412,0.29484,0.48845,0.49449,0.50241,0.5098,0.02,0.02,0.02,0.02,0.02,0.02,0.02,0.02,1
2016-12-15,2016,350,0,None,NA,NA,NA,NA,NA,NA,NA,NA,NA,NA,NA,NA,NA,NA,NA,NA,NA,NA,NA,NA,NA,NA,NA,0,0,0,0,0.29578,0.29569,0.29396,0.29458,0.48819,0.49432,0.5019,0.50966,0.02,0.02,0.02,0.02,0.02,0.02,0.02,0.02,1
2016-12-16,2016,351,NA,NA,NA,NA,NA,NA,NA,NA,NA,NA,NA,NA,NA,NA,NA,NA,NA,NA,NA,NA,NA,NA,NA,NA,NA,0,0,0,0,0.29609,0.29607,0.29393,0.29454,0.48107,0.48699,0.49436,0.50221,0.02,0.02,0.02,0.02,0.02,0.02,0.02,0.02,1
2016-12-17,2016,352,NA,NA,NA,NA,NA,NA,NA,NA,NA,NA,NA,NA,NA,NA,NA,NA,NA,NA,NA,NA,NA,NA,NA,NA,NA,0,0,0,0,0.2969,0.29692,0.29389,0.29453,0.46829,0.47376,0.48093,0.48875,0.02,0.02,0.02,0.02,0.02,0.02,0.02,0.02,1
2016-12-18,2016,353,0,None,NA,NA,NA,NA,NA,NA,NA,NA,NA,NA,NA,NA,NA,NA,NA,NA,NA,NA,NA,NA,NA,NA,NA,0,0,0,0,0.29799,0.29802,0.29386,0.29456,0.45258,0.4575,0.46449,0.47222,0.02,0.02,0.02,0.02,0.02,0.02,0.02,0.02,1
2016-12-19,2016,354,NA,NA,NA,NA,NA,NA,NA,NA,NA,NA,NA,NA,NA,NA,NA,NA,NA,NA,NA,NA,NA,NA,NA,NA,NA,0,0,0,0,0.29913,0.29916,0.29388,0.29465,0.43673,0.44103,0.44794,0.45554,0.02,0.02,0.02,0.02,0.02,0.02,0.02,0.02,1
2016-12-20,2016,355,NA,NA,NA,NA,NA,NA,NA,NA,NA,NA,NA,NA,NA,NA,NA,NA,NA,NA,NA,NA,NA,NA,NA,NA,NA,0,0,0,0,0.30007,0.30012,0.29397,0.29483,0.42349,0.42719,0.43415,0.44164,0.02,0.02,0.02,0.02,0.02,0.02,0.02,0.02,1
2016-12-21,2016,356,0,None,NA,NA,NA,NA,NA,NA,NA,NA,NA,NA,NA,NA,NA,NA,NA,NA,NA,NA,NA,NA,NA,NA,NA,0,0,0,0,0.30059,0.30068,0.29416,0.2951,0.41563,0.41884,0.426,0.43343,0.02,0.02,0.02,0.02,0.02,0.02,0.02,0.02,1
2016-12-22,2016,357,NA,NA,NA,NA,NA,NA,NA,NA,NA,NA,NA,NA,NA,NA,NA,NA,NA,NA,NA,NA,NA,NA,NA,NA,NA,0,0,0,0,0.29819,0.29918,0.29447,0.2955,0.44023,0.44164,0.44826,0.45309,0.02,0.02,0.02,0.02,0.02,0.02,0.02,0.02,1
2016-12-23,2016,358,NA,NA,NA,NA,NA,NA,NA,NA,NA,NA,NA,NA,NA,NA,NA,NA,NA,NA,NA,NA,NA,NA,NA,NA,NA,0,0,0,0,0.2934,0.29606,0.29494,0.29605,0.49132,0.48966,0.49503,0.49496,0.02,0.02,0.02,0.02,0.02,0.02,0.02,0.02,1
2016-12-24,2016,359,0,None,NA,NA,NA,NA,NA,NA,NA,NA,NA,NA,NA,NA,NA,NA,NA,NA,NA,NA,NA,NA,NA,NA,NA,0,0,0,0,0.29049,0.29417,0.29558,0.29675,0.52207,0.51838,0.52327,0.52021,0.02,0.02,0.02,0.02,0.02,0.02,0.02,0.02,1
2016-12-25,2016,360,NA,NA,NA,NA,NA,NA,NA,NA,NA,NA,NA,NA,NA,NA,NA,NA,NA,NA,NA,NA,NA,NA,NA,NA,NA,0,0,0,0,0.2895,0.29359,0.29614,0.29738,0.53103,0.52663,0.53109,0.52746,0.02,0.02,0.02,0.02,0.02,0.02,0.02,0.02,1
2016-12-26,2016,361,NA,NA,NA,NA,NA,NA,NA,NA,NA,NA,NA,NA,NA,NA,NA,NA,NA,NA,NA,NA,NA,NA,NA,NA,NA,0,0,0,0,0.28801,0.29266,0.29641,0.29777,0.54458,0.53964,0.54264,0.53868,0.02,0.02,0.02,0.02,0.02,0.02,0.02,0.02,1
2016-12-27,2016,362,0,None,NA,NA,NA,NA,NA,NA,NA,NA,NA,NA,NA,NA,NA,NA,NA,NA,NA,NA,NA,NA,NA,NA,NA,0,0,0,0,0.28656,0.29172,0.29656,0.29803,0.55768,0.55244,0.55395,0.55008,0.02,0.02,0.02,0.02,0.02,0.02,0.02,0.02,1
2016-12-28,2016,363,NA,NA,NA,NA,NA,NA,NA,NA,NA,NA,NA,NA,NA,NA,NA,NA,NA,NA,NA,NA,NA,NA,NA,NA,NA,0,0,0,0,0.28571,0.29111,0.29673,0.2983,0.56531,0.56008,0.56105,0.55788,0.02,0.02,0.02,0.02,0.02,0.02,0.02,0.02,1
2016-12-29,2016,364,NA,NA,NA,NA,NA,NA,NA,NA,NA,NA,NA,NA,NA,NA,NA,NA,NA,NA,NA,NA,NA,NA,NA,NA,NA,0,0,0,0,0.28598,0.29117,0.29707,0.2987,0.56245,0.55759,0.55996,0.55829,0.02,0.02,0.02,0.02,0.02,0.02,0.02,0.02,1
2016-12-30,2016,365,0,None,NA,NA,NA,NA,NA,NA,NA,NA,NA,NA,NA,NA,NA,NA,NA,NA,NA,NA,NA,NA,NA,NA,NA,0,0,0,0,0.28794,0.29223,0.29774,0.29934,0.54405,0.54001,0.5467,0.54751,0.02,0.02,0.02,0.02,0.02,0.02,0.02,0.02,1
2016-12-31,2016,366,NA,NA,NA,NA,NA,NA,NA,NA,NA,NA,NA,NA,NA,NA,NA,NA,NA,NA,NA,NA,NA,NA,NA,NA,NA,0,0,0,0,0.2907,0.29383,0.2986,0.30012,0.51822,0.51509,0.52722,0.53086,0.02,0.02,0.02,0.02,0.02,0.02,0.02,0.02,1
2017-01-01,2017,1,NA,NA,NA,NA,NA,NA,NA,NA,NA,NA,NA,NA,NA,NA,NA,NA,NA,NA,NA,NA,NA,NA,NA,NA,NA,0,0,0,0,0.29308,0.29527,0.29936,0.3008,0.49633,0.49381,0.51011,0.51622,0.02,0.02,0.02,0.02,0.02,0.02,0.02,0.02,1
2017-01-02,2017,2,29,grandrivergrass_2017_01_02_120008.jpg,133.48322,76.76466,54.17176,0.29031,0.50482,129.33912,5.55181,78.75177,3.68129,59.2423,6.20973,0.29448,0.00474,0.29615,0.29833,0.29933,0.48416,0.02191,0.48158,0.5005,0.50752,26.45413,NA,0,0,0,0,0.29507,0.29655,0.29998,0.30136,0.47827,0.4761,0.49537,0.50364,0.00437,0.00424,0.00475,0.00566,0.01574,0.01712,0.01581,0.01774,NA
2017-01-03,2017,3,NA,NA,NA,NA,NA,NA,NA,NA,NA,NA,NA,NA,NA,NA,NA,NA,NA,NA,NA,NA,NA,NA,NA,NA,NA,0,0,0,0,0.29669,0.29765,0.3004,0.30173,0.46391,0.46189,0.48301,0.49316,0.00331,0.00321,0.00401,0.00478,0.01193,0.01298,0.01198,0.01344,NA
2017-01-04,2017,4,NA,NA,NA,NA,NA,NA,NA,NA,NA,NA,NA,NA,NA,NA,NA,NA,NA,NA,NA,NA,NA,NA,NA,NA,NA,0,0,0,0,0.29796,0.29857,0.30057,0.30187,0.45314,0.45109,0.47304,0.48483,0.00279,0.0027,0.00346,0.00413,0.01004,0.01091,0.01008,0.01131,NA
2017-01-05,2017,5,28,grandrivergrass_2017_01_05_120010.jpg,114.54766,88.04172,90.89251,0.29999,0.39031,125.88033,8.8378,89.0684,8.02589,81.29525,15.88651,0.30051,0.00302,0.29938,0.30253,0.30459,0.42697,0.03712,0.4286,0.45697,0.47484,26.78442,NA,0,0,0,0,0.2989,0.29931,0.30045,0.30173,0.44583,0.44362,0.46545,0.47869,0.00264,0.00256,0.00307,0.00366,0.0095,0.01033,0.00954,0.0107,NA
2017-01-06,2017,6,NA,NA,NA,NA,NA,NA,NA,NA,NA,NA,NA,NA,NA,NA,NA,NA,NA,NA,NA,NA,NA,NA,NA,NA,NA,0,0,0,0,0.29946,0.29978,0.30012,0.3014,0.44238,0.44009,0.46103,0.4756,0.00263,0.00256,0.0028,0.00334,0.00949,0.01032,0.00953,0.01069,NA
2017-01-07,2017,7,NA,NA,NA,NA,NA,NA,NA,NA,NA,NA,NA,NA,NA,NA,NA,NA,NA,NA,NA,NA,NA,NA,NA,NA,NA,0,0,0,0,0.29965,0.29993,0.2997,0.30099,0.4425,0.4404,0.45988,0.47569,0.0026,0.00252,0.00262,0.00313,0.00935,0.01017,0.00939,0.01054,NA
2017-01-08,2017,8,42,grandrivergrass_2017_01_08_120007.jpg,127.36288,91.01389,82.71206,0.30228,0.42301,123.27075,6.06698,86.48706,5.55968,77.55388,8.18682,0.30095,0.00237,0.30143,0.30235,0.30343,0.42968,0.01782,0.42438,0.44409,0.45493,27.32512,NA,0,0,0,0,0.29955,0.29983,0.29923,0.30053,0.4451,0.44335,0.46108,0.47797,0.00253,0.00245,0.0025,0.00299,0.00912,0.00991,0.00915,0.01027,NA
2017-01-09,2017,9,NA,NA,NA,NA,NA,NA,NA,NA,NA,NA,NA,NA,NA,NA,NA,NA,NA,NA,NA,NA,NA,NA,NA,NA,NA,0,0,0,0,0.29924,0.29953,0.29873,0.30005,0.44909,0.44779,0.46366,0.48145,0.00249,0.00242,0.00242,0.00289,0.00898,0.00977,0.00902,0.01012,NA
2017-01-10,2017,10,NA,NA,NA,NA,NA,NA,NA,NA,NA,NA,NA,NA,NA,NA,NA,NA,NA,NA,NA,NA,NA,NA,NA,NA,NA,0,0,0,0,0.29881,0.29911,0.29823,0.29956,0.45335,0.45254,0.46668,0.48512,0.00251,0.00243,0.00238,0.00284,0.00904,0.00983,0.00908,0.01019,NA
2017-01-11,2017,11,41,grandrivergrass_2017_01_11_120007.jpg,126.5117,79.88189,62.278,0.29732,0.47088,131.19391,4.87303,82.26309,3.1803,64.05139,5.56054,0.29638,0.00384,0.29777,0.2984,0.29924,0.47302,0.01858,0.47275,0.48055,0.50276,27.80405,NA,0,0,0,0,0.29834,0.29862,0.29775,0.2991,0.45681,0.45642,0.46918,0.48798,0.00255,0.00247,0.00236,0.00282,0.00918,0.00999,0.00922,0.01035,NA
2017-01-12,2017,12,NA,NA,NA,NA,NA,NA,NA,NA,NA,NA,NA,NA,NA,NA,NA,NA,NA,NA,NA,NA,NA,NA,NA,NA,NA,0,0,0,0,0.29735,0.29756,0.29732,0.29869,0.4623,0.46249,0.47368,0.49233,0.00251,0.00243,0.00237,0.00283,0.00903,0.00982,0.00907,0.01017,NA
2017-01-13,2017,13,NA,NA,NA,NA,NA,NA,NA,NA,NA,NA,NA,NA,NA,NA,NA,NA,NA,NA,NA,NA,NA,NA,NA,NA,NA,0,0,0,0,0.2959,0.29601,0.29696,0.29834,0.47021,0.47116,0.48047,0.49859,0.00245,0.00238,0.00241,0.00287,0.00884,0.00962,0.00888,0.00996,NA
2017-01-14,2017,14,45,grandrivergrass_2017_01_14_120006.jpg,138.13525,95.5097,74.82945,0.30962,0.4478,131.48777,6.36837,82.45932,4.21426,62.62902,5.5223,0.2981,0.00292,0.29758,0.29865,0.29979,0.47563,0.01591,0.47445,0.48382,0.50226,28.34364,NA,0,0,0,0,0.29485,0.29492,0.2967,0.2981,0.47576,0.47726,0.48534,0.50299,0.00246,0.00239,0.00246,0.00293,0.00887,0.00964,0.0089,0.00999,NA
2017-01-15,2017,15,NA,NA,NA,NA,NA,NA,NA,NA,NA,NA,NA,NA,NA,NA,NA,NA,NA,NA,NA,NA,NA,NA,NA,NA,NA,0,0,0,0,0.29422,0.29429,0.29655,0.29796,0.47834,0.48017,0.48803,0.50524,0.00241,0.00234,0.00248,0.00296,0.00868,0.00944,0.00872,0.00978,NA
2017-01-16,2017,16,NA,NA,NA,NA,NA,NA,NA,NA,NA,NA,NA,NA,NA,NA,NA,NA,NA,NA,NA,NA,NA,NA,NA,NA,NA,0,0,0,0,0.29349,0.29356,0.2965,0.2979,0.4805,0.48265,0.49091,0.50739,0.00232,0.00225,0.00247,0.00294,0.00836,0.00909,0.00839,0.00942,NA
2017-01-17,2017,17,45,grandrivergrass_2017_01_17_120008.jpg,135.05998,75.35779,52.9881,0.28609,0.51274,127.35332,8.88292,77.71886,4.1606,60.9957,7.70738,0.29202,0.00528,0.29237,0.29616,0.29739,0.47884,0.02879,0.48733,0.49591,0.51408,28.94222,NA,0,0,0,0,0.29276,0.29285,0.29652,0.29791,0.48214,0.48461,0.49366,0.50924,0.00228,0.00221,0.00243,0.00289,0.0082,0.00892,0.00824,0.00924,NA
2017-01-18,2017,18,NA,NA,NA,NA,NA,NA,NA,NA,NA,NA,NA,NA,NA,NA,NA,NA,NA,NA,NA,NA,NA,NA,NA,NA,NA,0,0,0,0,0.29215,0.29225,0.2966,0.29798,0.48319,0.48595,0.49597,0.51057,0.00232,0.00225,0.00238,0.00284,0.00836,0.00909,0.00839,0.00942,NA
2017-01-19,2017,19,NA,NA,NA,NA,NA,NA,NA,NA,NA,NA,NA,NA,NA,NA,NA,NA,NA,NA,NA,NA,NA,NA,NA,NA,NA,0,0,0,0,0.29176,0.29188,0.29673,0.29809,0.48355,0.48658,0.49753,0.51118,0.00241,0.00234,0.00234,0.00279,0.00868,0.00944,0.00872,0.00978,NA
2017-01-20,2017,20,34,grandrivergrass_2017_01_20_120008.jpg,138.44138,76.64917,52.90688,0.28601,0.51658,129.48165,6.24634,72.86301,4.23517,53.06856,4.63292,0.28515,0.00349,0.2839,0.2866,0.28976,0.50718,0.01575,0.51025,0.51611,0.52207,29.37288,NA,0,0,0,0,0.29171,0.29185,0.29688,0.29823,0.48316,0.48641,0.49802,0.51087,0.00246,0.00239,0.00232,0.00277,0.00887,0.00964,0.0089,0.00999,NA
2017-01-21,2017,21,NA,NA,NA,NA,NA,NA,NA,NA,NA,NA,NA,NA,NA,NA,NA,NA,NA,NA,NA,NA,NA,NA,NA,NA,NA,0,0,0,0,0.29215,0.29236,0.29703,0.29838,0.48079,0.48417,0.49668,0.50862,0.00242,0.00235,0.00232,0.00277,0.00872,0.00948,0.00875,0.00982,NA
2017-01-22,2017,22,NA,NA,NA,NA,NA,NA,NA,NA,NA,NA,NA,NA,NA,NA,NA,NA,NA,NA,NA,NA,NA,NA,NA,NA,NA,0,0,0,0,0.29289,0.29323,0.29718,0.29853,0.47694,0.48035,0.49411,0.50497,0.00242,0.00235,0.00233,0.00278,0.00872,0.00948,0.00875,0.00982,NA
2017-01-23,2017,23,45,grandrivergrass_2017_01_23_120008.jpg,126.53259,82.61508,67.76087,0.29835,0.45695,129.48774,5.61459,82.67286,2.4767,65.82274,6.0344,0.29737,0.00306,0.29825,0.29884,0.2993,0.466,0.02116,0.46394,0.47872,0.49259,30.30695,NA,0,0,0,0,0.29355,0.29397,0.2973,0.29866,0.47405,0.47746,0.492,0.50202,0.00246,0.00239,0.00234,0.00279,0.00887,0.00964,0.0089,0.00999,NA
2017-01-24,2017,24,NA,NA,NA,NA,NA,NA,NA,NA,NA,NA,NA,NA,NA,NA,NA,NA,NA,NA,NA,NA,NA,NA,NA,NA,NA,0,0,0,0,0.29429,0.2947,0.29746,0.29883,0.472,0.47538,0.49007,0.49953,0.00241,0.00234,0.00232,0.00277,0.00868,0.00944,0.00872,0.00978,NA
2017-01-25,2017,25,NA,NA,NA,NA,NA,NA,NA,NA,NA,NA,NA,NA,NA,NA,NA,NA,NA,NA,NA,NA,NA,NA,NA,NA,NA,0,0,0,0,0.2954,0.29578,0.29773,0.29911,0.4693,0.47257,0.4872,0.49618,0.00232,0.00225,0.00228,0.00272,0.00836,0.00909,0.00839,0.00942,NA
2017-01-26,2017,26,31,grandrivergrass_2017_01_26_120008.jpg,126.75979,91.91712,86.64302,0.30105,0.41517,127.26994,5.07706,84.0295,5.1453,72.06336,11.6356,0.29636,0.00425,0.29856,0.30015,0.30073,0.45058,0.03393,0.4551,0.48233,0.49221,30.80884,NA,0,0,0,0,0.29669,0.29703,0.29809,0.29947,0.46632,0.46943,0.48388,0.49247,0.00228,0.00221,0.00224,0.00267,0.0082,0.00892,0.00824,0.00924,NA
2017-01-27,2017,27,NA,NA,NA,NA,NA,NA,NA,NA,NA,NA,NA,NA,NA,NA,NA,NA,NA,NA,NA,NA,NA,NA,NA,NA,NA,0,0,0,0,0.29798,0.29827,0.2985,0.29989,0.46343,0.46638,0.4806,0.48891,0.00232,0.00225,0.00221,0.00264,0.00836,0.00909,0.00839,0.00942,NA
2017-01-28,2017,28,NA,NA,NA,NA,NA,NA,NA,NA,NA,NA,NA,NA,NA,NA,NA,NA,NA,NA,NA,NA,NA,NA,NA,NA,NA,0,0,0,0,0.29908,0.29933,0.29893,0.30034,0.46098,0.46384,0.47785,0.48599,0.00241,0.00234,0.0022,0.00263,0.00868,0.00944,0.00872,0.00978,NA
2017-01-29,2017,29,30,grandrivergrass_2017_01_29_120008.jpg,142.82925,95.79986,73.81758,0.30661,0.45713,131.2587,10.76084,85.28814,6.02044,66.01308,6.69321,0.30178,0.00402,0.30071,0.30444,0.30791,0.46445,0.02164,0.47238,0.47949,0.48434,31.87827,NA,0,0,0,0,0.29981,0.30003,0.29937,0.30079,0.45935,0.46222,0.47611,0.48422,0.00246,0.00239,0.00223,0.00266,0.00887,0.00964,0.0089,0.00999,NA
2017-01-30,2017,30,NA,NA,NA,NA,NA,NA,NA,NA,NA,NA,NA,NA,NA,NA,NA,NA,NA,NA,NA,NA,NA,NA,NA,NA,NA,0,0,0,0,0.30007,0.30026,0.29977,0.30123,0.4589,0.46196,0.47558,0.484,0.00242,0.00235,0.00227,0.0027,0.00872,0.00948,0.00875,0.00982,NA
2017-01-31,2017,31,NA,NA,NA,NA,NA,NA,NA,NA,NA,NA,NA,NA,NA,NA,NA,NA,NA,NA,NA,NA,NA,NA,NA,NA,NA,0,0,0,0,0.30011,0.30023,0.30012,0.30164,0.45922,0.46257,0.47565,0.48463,0.00242,0.00235,0.0023,0.00275,0.00872,0.00948,0.00875,0.00982,NA
2017-02-01,2017,32,49,grandrivergrass_2017_02_01_120006.jpg,129.44657,82.15568,63.06921,0.29911,0.47128,129.79128,4.78797,84.12921,3.59455,66.5586,4.5521,0.2999,0.00197,0.2995,0.30011,0.301,0.46293,0.01166,0.4612,0.46774,0.47823,32.73451,NA,0,0,0,0,0.30019,0.30026,0.30039,0.30198,0.45943,0.463,0.47568,0.48499,0.00246,0.00239,0.00232,0.00277,0.00887,0.00964,0.0089,0.00999,NA
2017-02-02,2017,33,NA,NA,NA,NA,NA,NA,NA,NA,NA,NA,NA,NA,NA,NA,NA,NA,NA,NA,NA,NA,NA,NA,NA,NA,NA,0,0,0,0,0.30029,0.30034,0.30061,0.30231,0.45949,0.46316,0.47571,0.48517,0.00241,0.00234,0.0023,0.00275,0.00868,0.00944,0.00872,0.00978,NA
2017-02-03,2017,34,NA,NA,NA,NA,NA,NA,NA,NA,NA,NA,NA,NA,NA,NA,NA,NA,NA,NA,NA,NA,NA,NA,NA,NA,NA,0,0,0,0,0.30022,0.30029,0.30082,0.30268,0.45988,0.4636,0.47613,0.48583,0.00232,0.00225,0.00226,0.0027,0.00836,0.00909,0.00839,0.00942,NA
2017-02-04,2017,35,35,grandrivergrass_2017_02_04_120006.jpg,120.50763,79.94586,65.83063,0.30023,0.45255,126.27627,6.01611,81.41811,4.1893,63.89987,8.02225,0.29971,0.00208,0.29959,0.30039,0.30107,0.46551,0.0232,0.47006,0.48351,0.48909,33.63389,NA,0,0,0,0,0.30006,0.30016,0.30102,0.30307,0.46049,0.46422,0.47683,0.48678,0.00228,0.00221,0.00222,0.00265,0.0082,0.00892,0.00824,0.00924,NA
2017-02-05,2017,36,NA,NA,NA,NA,NA,NA,NA,NA,NA,NA,NA,NA,NA,NA,NA,NA,NA,NA,NA,NA,NA,NA,NA,NA,NA,0,0,0,0,0.29989,0.3,0.3012,0.30348,0.46122,0.46497,0.47764,0.48781,0.00232,0.00225,0.0022,0.00262,0.00836,0.00909,0.00839,0.00942,NA
2017-02-06,2017,37,NA,NA,NA,NA,NA,NA,NA,NA,NA,NA,NA,NA,NA,NA,NA,NA,NA,NA,NA,NA,NA,NA,NA,NA,NA,0,0,0,0,0.29976,0.29988,0.30138,0.30387,0.46197,0.46574,0.47844,0.4887,0.00241,0.00234,0.0022,0.00262,0.00868,0.00944,0.00872,0.00978,NA
2017-02-07,2017,38,51,grandrivergrass_2017_02_07_120007.jpg,131.0371,80.45354,62.57496,0.29356,0.47812,128.5946,6.1325,84.48243,7.07715,70.23998,13.16073,0.29796,0.00489,0.29916,0.30044,0.30204,0.45573,0.03378,0.45927,0.47951,0.49988,34.57337,NA,0,0,0,0,0.29975,0.29984,0.30154,0.30424,0.46263,0.46647,0.47908,0.48926,0.00246,0.00239,0.00222,0.00265,0.00887,0.00964,0.0089,0.00999,NA
2017-02-08,2017,39,NA,NA,NA,NA,NA,NA,NA,NA,NA,NA,NA,NA,NA,NA,NA,NA,NA,NA,NA,NA,NA,NA,NA,NA,NA,0,0,0,0,0.2999,0.29989,0.30168,0.30457,0.46322,0.46731,0.47979,0.48949,0.00242,0.00235,0.00226,0.0027,0.00872,0.00948,0.00875,0.00982,NA
2017-02-09,2017,40,NA,NA,NA,NA,NA,NA,NA,NA,NA,NA,NA,NA,NA,NA,NA,NA,NA,NA,NA,NA,NA,NA,NA,NA,NA,0,0,0,0,0.3001,0.29997,0.3018,0.30485,0.46386,0.46832,0.4807,0.48964,0.00242,0.00235,0.0023,0.00275,0.00872,0.00948,0.00875,0.00982,NA
2017-02-10,2017,41,51,grandrivergrass_2017_02_10_120007.jpg,123.49658,77.54749,58.47688,0.29881,0.47586,130.04038,5.6686,84.19073,5.49599,65.84468,9.73517,0.30051,0.00172,0.30063,0.30164,0.30252,0.46535,0.02381,0.47246,0.47982,0.48576,35.54995,NA,0,0,0,0,0.30023,0.30001,0.30191,0.30505,0.46462,0.46933,0.48151,0.48994,0.00246,0.00239,0.00232,0.00277,0.00887,0.00964,0.0089,0.00999,NA
2017-02-11,2017,42,NA,NA,NA,NA,NA,NA,NA,NA,NA,NA,NA,NA,NA,NA,NA,NA,NA,NA,NA,NA,NA,NA,NA,NA,NA,0,0,0,0,0.30031,0.3,0.30198,0.3052,0.46589,0.47063,0.48229,0.49031,0.00241,0.00234,0.0023,0.00275,0.00868,0.00944,0.00872,0.00978,NA
2017-02-12,2017,43,NA,NA,NA,NA,NA,NA,NA,NA,NA,NA,NA,NA,NA,NA,NA,NA,NA,NA,NA,NA,NA,NA,NA,NA,NA,0,0,0,0,0.30042,0.29995,0.30201,0.30533,0.46775,0.47245,0.48322,0.4906,0.00232,0.00225,0.00227,0.0027,0.00836,0.00909,0.00839,0.00942,NA
2017-02-13,2017,44,51,grandrivergrass_2017_02_13_120008.jpg,126.73307,79.81867,59.86498,0.2996,0.47569,130.55982,6.11812,83.53612,4.69261,63.03467,5.12614,0.30135,0.00391,0.29994,0.30168,0.30879,0.47138,0.01428,0.47339,0.48412,0.48691,36.56062,NA,0,0,0,0,0.30053,0.2999,0.30201,0.30543,0.46985,0.47446,0.4842,0.49085,0.00228,0.00221,0.00223,0.00266,0.0082,0.00892,0.00824,0.00924,NA
2017-02-14,2017,45,NA,NA,NA,NA,NA,NA,NA,NA,NA,NA,NA,NA,NA,NA,NA,NA,NA,NA,NA,NA,NA,NA,NA,NA,NA,0,0,0,0,0.30064,0.29985,0.30199,0.30551,0.47187,0.47638,0.48511,0.49111,0.00232,0.00225,0.0022,0.00263,0.00836,0.00909,0.00839,0.00942,NA
2017-02-15,2017,46,NA,NA,NA,NA,NA,NA,NA,NA,NA,NA,NA,NA,NA,NA,NA,NA,NA,NA,NA,NA,NA,NA,NA,NA,NA,0,0,0,0,0.30071,0.29981,0.30197,0.30557,0.47345,0.47789,0.48583,0.49142,0.00241,0.00234,0.00221,0.00264,0.00868,0.00944,0.00872,0.00978,NA
2017-02-16,2017,47,51,grandrivergrass_2017_02_16_120007.jpg,135.2646,86.31943,65.02323,0.30118,0.47195,128.4083,8.797,82.82408,7.04508,62.07707,7.1252,0.30288,0.00489,0.30086,0.3051,0.31113,0.47041,0.01777,0.4777,0.48228,0.48539,37.60237,NA,0,0,0,0,0.30073,0.29979,0.30195,0.30562,0.47426,0.47869,0.48626,0.49183,0.00246,0.00239,0.00224,0.00267,0.00887,0.00964,0.0089,0.00999,NA
2017-02-17,2017,48,NA,NA,NA,NA,NA,NA,NA,NA,NA,NA,NA,NA,NA,NA,NA,NA,NA,NA,NA,NA,NA,NA,NA,NA,NA,0,0,0,0,0.3006,0.29976,0.30193,0.30566,0.47433,0.47888,0.48678,0.49314,0.00242,0.00235,0.00228,0.00272,0.00872,0.00948,0.00875,0.00982,NA
2017-02-18,2017,49,NA,NA,NA,NA,NA,NA,NA,NA,NA,NA,NA,NA,NA,NA,NA,NA,NA,NA,NA,NA,NA,NA,NA,NA,NA,0,0,0,0,0.30037,0.2997,0.30194,0.30569,0.47407,0.4788,0.48743,0.49512,0.00242,0.00235,0.00232,0.00277,0.00872,0.00948,0.00875,0.00982,NA
2017-02-19,2017,50,17,grandrivergrass_2017_02_20_083007.jpg,128.55964,83.4001,66.3578,0.29966,0.46192,131.7267,4.49242,80.94787,1.82115,60.43411,4.61134,0.29638,0.00307,0.29748,0.29871,0.29937,0.48244,0.01785,0.48221,0.49315,0.50842,38.67207,NA,0,0,0,0,0.30022,0.29968,0.30198,0.30571,0.47367,0.47849,0.48757,0.49626,0.00246,0.00239,0.00234,0.00279,0.00887,0.00964,0.0089,0.00999,NA
2017-02-20,2017,51,NA,NA,NA,NA,NA,NA,NA,NA,NA,NA,NA,NA,NA,NA,NA,NA,NA,NA,NA,NA,NA,NA,NA,NA,NA,0,0,0,0,0.30014,0.29972,0.30203,0.3057,0.47287,0.47769,0.48695,0.49632,0.00241,0.00234,0.00233,0.00278,0.00868,0.00944,0.00872,0.00978,NA
2017-02-21,2017,52,NA,NA,NA,NA,NA,NA,NA,NA,NA,NA,NA,NA,NA,NA,NA,NA,NA,NA,NA,NA,NA,NA,NA,NA,NA,0,0,0,0,0.30002,0.29979,0.30209,0.30566,0.47144,0.47628,0.48584,0.49611,0.00232,0.00225,0.00232,0.00277,0.00836,0.00909,0.00839,0.00942,NA
2017-02-22,2017,53,55,grandrivergrass_2017_02_22_120007.jpg,128.83826,80.75694,58.26893,0.30148,0.48098,126.89284,6.91252,81.82226,5.71081,61.84849,7.31681,0.30233,0.00421,0.30101,0.30248,0.30949,0.46964,0.01852,0.47806,0.4844,0.48785,39.76654,NA,0,0,0,0,0.2999,0.29987,0.30215,0.30558,0.46966,0.47452,0.48441,0.49565,0.00228,0.00221,0.00232,0.00277,0.0082,0.00892,0.00824,0.00924,NA
2017-02-23,2017,54,NA,NA,NA,NA,NA,NA,NA,NA,NA,NA,NA,NA,NA,NA,NA,NA,NA,NA,NA,NA,NA,NA,NA,NA,NA,0,0,0,0,0.29981,0.29998,0.3022,0.30547,0.46779,0.47263,0.48284,0.49496,0.00232,0.00225,0.00234,0.00279,0.00836,0.00909,0.00839,0.00942,NA
2017-02-24,2017,55,NA,NA,NA,NA,NA,NA,NA,NA,NA,NA,NA,NA,NA,NA,NA,NA,NA,NA,NA,NA,NA,NA,NA,NA,NA,0,0,0,0,0.29977,0.30011,0.30226,0.30534,0.4661,0.47086,0.48133,0.49407,0.00241,0.00234,0.00238,0.00284,0.00868,0.00944,0.00872,0.00978,NA
2017-02-25,2017,56,39,grandrivergrass_2017_02_25_080005.jpg,114.39553,88.81668,92.71323,0.30013,0.38657,129.59262,10.75201,84.64303,6.68343,69.15625,12.22125,0.29844,0.00603,0.30033,0.30279,0.30452,0.45831,0.03821,0.46459,0.48452,0.50723,40.88254,NA,0,0,0,0,0.29983,0.30026,0.30231,0.3052,0.46488,0.46945,0.48005,0.49299,0.00246,0.00239,0.00243,0.00289,0.00887,0.00964,0.0089,0.00999,NA
2017-02-26,2017,57,NA,NA,NA,NA,NA,NA,NA,NA,NA,NA,NA,NA,NA,NA,NA,NA,NA,NA,NA,NA,NA,NA,NA,NA,NA,0,0,0,0,0.30007,0.30051,0.30236,0.30506,0.4639,0.46798,0.47854,0.49116,0.00242,0.00235,0.00247,0.00294,0.00872,0.00948,0.00875,0.00982,NA
2017-02-27,2017,58,NA,NA,NA,NA,NA,NA,NA,NA,NA,NA,NA,NA,NA,NA,NA,NA,NA,NA,NA,NA,NA,NA,NA,NA,NA,0,0,0,0,0.30044,0.30083,0.3024,0.30492,0.46289,0.46625,0.4767,0.48868,0.00242,0.00235,0.00248,0.00296,0.00872,0.00948,0.00875,0.00982,NA
2017-02-28,2017,59,57,grandrivergrass_2017_02_28_120007.jpg,132.94982,86.46236,67.20472,0.30167,0.46386,128.13676,7.39377,83.61235,5.07467,66.31085,6.00849,0.30062,0.00219,0.30047,0.30178,0.3023,0.46106,0.01628,0.46107,0.46575,0.47686,42.01681,NA,0,0,0,0,0.30073,0.30108,0.30245,0.30478,0.46199,0.46485,0.47521,0.48662,0.00246,0.00239,0.00246,0.00293,0.00887,0.00964,0.0089,0.00999,NA
2017-03-01,2017,60,NA,NA,NA,NA,NA,NA,NA,NA,NA,NA,NA,NA,NA,NA,NA,NA,NA,NA,NA,NA,NA,NA,NA,NA,NA,0,0,0,0,0.30094,0.30128,0.30249,0.30465,0.46156,0.46403,0.47432,0.48519,0.00243,0.00236,0.00241,0.00287,0.00877,0.00954,0.0088,0.00988,NA
2017-03-02,2017,61,NA,NA,NA,NA,NA,NA,NA,NA,NA,NA,NA,NA,NA,NA,NA,NA,NA,NA,NA,NA,NA,NA,NA,NA,NA,0,0,0,0,0.30119,0.30149,0.30254,0.30449,0.46168,0.46358,0.47376,0.48385,0.00239,0.00232,0.00237,0.00283,0.0086,0.00935,0.00864,0.00969,NA
2017-03-03,2017,62,57,grandrivergrass_2017_03_03_120007.jpg,127.14744,82.7433,63.77772,0.30235,0.4646,129.04801,8.3153,83.99912,5.32032,65.17758,6.94342,0.30183,0.00207,0.30182,0.30326,0.3041,0.4641,0.01985,0.46799,0.47564,0.47848,43.1661,NA,0,0,0,0,0.30147,0.3017,0.30259,0.30432,0.46208,0.46337,0.47341,0.48255,0.00237,0.0023,0.00236,0.00282,0.00855,0.0093,0.00859,0.00963,NA
2017-03-04,2017,63,NA,NA,NA,NA,NA,NA,NA,NA,NA,NA,NA,NA,NA,NA,NA,NA,NA,NA,NA,NA,NA,NA,NA,NA,NA,0,0,0,0,0.30175,0.3019,0.30264,0.30414,0.46252,0.46325,0.47316,0.48127,0.00242,0.00235,0.00238,0.00284,0.00872,0.00948,0.00876,0.00982,NA
2017-03-05,2017,64,NA,NA,NA,NA,NA,NA,NA,NA,NA,NA,NA,NA,NA,NA,NA,NA,NA,NA,NA,NA,NA,NA,NA,NA,NA,0,0,0,0,0.302,0.30209,0.30269,0.30397,0.46275,0.46311,0.47289,0.47996,0.00251,0.00244,0.00242,0.00289,0.00906,0.00985,0.0091,0.01021,NA
2017-03-06,2017,65,57,grandrivergrass_2017_03_06_120007.jpg,151.83983,96.57341,70.2118,0.30309,0.47655,127.65709,7.62197,84.12126,4.98748,66.41637,5.7557,0.30233,0.00164,0.30251,0.30291,0.30437,0.45906,0.01524,0.45725,0.46932,0.47849,44.32715,NA,0,0,0,0,0.30221,0.30224,0.30273,0.30382,0.4625,0.4628,0.47249,0.47858,0.00261,0.00254,0.0025,0.00299,0.00941,0.01024,0.00945,0.01061,NA
2017-03-07,2017,66,NA,NA,NA,NA,NA,NA,NA,NA,NA,NA,NA,NA,NA,NA,NA,NA,NA,NA,NA,NA,NA,NA,NA,NA,NA,0,0,0,0,0.30234,0.30234,0.30275,0.30369,0.46153,0.46219,0.47183,0.47709,0.00267,0.00259,0.00262,0.00313,0.00961,0.01045,0.00965,0.01083,NA
2017-03-08,2017,67,NA,NA,NA,NA,NA,NA,NA,NA,NA,NA,NA,NA,NA,NA,NA,NA,NA,NA,NA,NA,NA,NA,NA,NA,NA,0,0,0,0,0.30239,0.30239,0.30276,0.30359,0.45958,0.46115,0.47082,0.47545,0.00266,0.00258,0.0028,0.00334,0.00958,0.01042,0.00962,0.01079,NA
2017-03-09,2017,68,57,grandrivergrass_2017_03_09_120008.jpg,135.75218,88.52814,68.76259,0.3021,0.46325,131.56735,6.77464,85.20445,5.80854,64.96583,6.51842,0.30235,0.00163,0.30231,0.30302,0.30431,0.4675,0.01201,0.46707,0.47658,0.48125,45.49692,NA,0,0,0,0,0.30232,0.30236,0.30275,0.30354,0.45641,0.45953,0.46934,0.47363,0.00264,0.00256,0.00307,0.00366,0.0095,0.01033,0.00954,0.0107,NA
2017-03-10,2017,69,NA,NA,NA,NA,NA,NA,NA,NA,NA,NA,NA,NA,NA,NA,NA,NA,NA,NA,NA,NA,NA,NA,NA,NA,NA,0,0,0,0,0.30218,0.3023,0.30272,0.3035,0.45211,0.45732,0.46729,0.47142,0.00278,0.0027,0.00346,0.00413,0.01003,0.0109,0.01007,0.0113,NA
2017-03-11,2017,70,NA,NA,NA,NA,NA,NA,NA,NA,NA,NA,NA,NA,NA,NA,NA,NA,NA,NA,NA,NA,NA,NA,NA,NA,NA,0,0,0,0,0.30203,0.30223,0.30265,0.30347,0.44714,0.45465,0.46476,0.46876,0.00325,0.00315,0.00401,0.00478,0.01171,0.01273,0.01176,0.01319,NA
2017-03-12,2017,71,59,grandrivergrass_2017_03_12_120007.jpg,131.95864,85.97125,67.34166,0.30137,0.46257,127.12203,7.88588,87.95593,3.08227,76.55757,10.12226,0.30158,0.00105,0.30192,0.30228,0.30276,0.43631,0.02941,0.44926,0.45916,0.46258,46.67244,NA,0,0,0,0,0.30187,0.30217,0.30256,0.30344,0.44176,0.45167,0.4619,0.4658,0.00413,0.00401,0.00475,0.00566,0.01488,0.01618,0.01494,0.01677,NA
2017-03-13,2017,72,NA,NA,NA,NA,NA,NA,NA,NA,NA,NA,NA,NA,NA,NA,NA,NA,NA,NA,NA,NA,NA,NA,NA,NA,NA,0,0,0,0,0.30173,0.30211,0.30245,0.30341,0.4362,0.44853,0.45887,0.46271,0.02,0.02,0.02,0.02,0.02,0.02,0.02,0.02,1
2017-03-14,2017,73,NA,NA,NA,NA,NA,NA,NA,NA,NA,NA,NA,NA,NA,NA,NA,NA,NA,NA,NA,NA,NA,NA,NA,NA,NA,0,0,0,0,0.30159,0.30206,0.30233,0.30339,0.43073,0.44537,0.45581,0.45964,0.02,0.02,0.02,0.02,0.02,0.02,0.02,0.02,1
2017-03-15,2017,74,0,None,NA,NA,NA,NA,NA,NA,NA,NA,NA,NA,NA,NA,NA,NA,NA,NA,NA,NA,NA,NA,NA,NA,NA,0,0,0,0,0.30147,0.30203,0.30218,0.30337,0.4256,0.44233,0.45286,0.45675,0.02,0.02,0.02,0.02,0.02,0.02,0.02,0.02,1
2017-03-16,2017,75,NA,NA,NA,NA,NA,NA,NA,NA,NA,NA,NA,NA,NA,NA,NA,NA,NA,NA,NA,NA,NA,NA,NA,NA,NA,0,0,0,0,0.30137,0.30203,0.3021,0.3033,0.42105,0.43956,0.45019,0.45421,0.02,0.02,0.02,0.02,0.02,0.02,0.02,0.02,1
2017-03-17,2017,76,NA,NA,NA,NA,NA,NA,NA,NA,NA,NA,NA,NA,NA,NA,NA,NA,NA,NA,NA,NA,NA,NA,NA,NA,NA,0,0,0,0,0.30132,0.30205,0.30212,0.30314,0.41733,0.4372,0.44793,0.45217,0.02,0.02,0.02,0.02,0.02,0.02,0.02,0.02,1
2017-03-18,2017,77,0,None,NA,NA,NA,NA,NA,NA,NA,NA,NA,NA,NA,NA,NA,NA,NA,NA,NA,NA,NA,NA,NA,NA,NA,0,0,0,0,0.3013,0.3021,0.30221,0.30292,0.41471,0.43541,0.44624,0.4508,0.02,0.02,0.02,0.02,0.02,0.02,0.02,0.02,1
2017-03-19,2017,78,NA,NA,NA,NA,NA,NA,NA,NA,NA,NA,NA,NA,NA,NA,NA,NA,NA,NA,NA,NA,NA,NA,NA,NA,NA,0,0,0,0,0.30133,0.30218,0.30231,0.30268,0.41343,0.43432,0.44526,0.45026,0.02,0.02,0.02,0.02,0.02,0.02,0.02,0.02,1
2017-03-20,2017,79,NA,NA,NA,NA,NA,NA,NA,NA,NA,NA,NA,NA,NA,NA,NA,NA,NA,NA,NA,NA,NA,NA,NA,NA,NA,0,0,0,0,0.30141,0.30231,0.3024,0.30244,0.41375,0.43407,0.44514,0.45069,0.02,0.02,0.02,0.02,0.02,0.02,0.02,0.02,1
2017-03-21,2017,80,0,None,NA,NA,NA,NA,NA,NA,NA,NA,NA,NA,NA,NA,NA,NA,NA,NA,NA,NA,NA,NA,NA,NA,NA,0,0,0,0,0.30156,0.30249,0.30242,0.30224,0.41591,0.43482,0.44604,0.45228,0.02,0.02,0.02,0.02,0.02,0.02,0.02,0.02,1
2017-03-22,2017,81,NA,NA,NA,NA,NA,NA,NA,NA,NA,NA,NA,NA,NA,NA,NA,NA,NA,NA,NA,NA,NA,NA,NA,NA,NA,0,0,0,0,0.30177,0.30271,0.30244,0.30213,0.4197,0.43639,0.44784,0.4549,0.02,0.02,0.02,0.02,0.02,0.02,0.02,0.02,1
2017-03-23,2017,82,NA,NA,NA,NA,NA,NA,NA,NA,NA,NA,NA,NA,NA,NA,NA,NA,NA,NA,NA,NA,NA,NA,NA,NA,NA,0,0,0,0,0.30205,0.30298,0.30254,0.30215,0.42447,0.4384,0.45016,0.45814,0.02,0.02,0.02,0.02,0.02,0.02,0.02,0.02,1
2017-03-24,2017,83,0,None,NA,NA,NA,NA,NA,NA,NA,NA,NA,NA,NA,NA,NA,NA,NA,NA,NA,NA,NA,NA,NA,NA,NA,0,0,0,0,0.30238,0.30328,0.30271,0.30227,0.42981,0.44064,0.45277,0.4617,0.02,0.02,0.02,0.02,0.02,0.02,0.02,0.02,1
2017-03-25,2017,84,NA,NA,NA,NA,NA,NA,NA,NA,NA,NA,NA,NA,NA,NA,NA,NA,NA,NA,NA,NA,NA,NA,NA,NA,NA,0,0,0,0,0.30275,0.3036,0.30293,0.30248,0.43529,0.44293,0.45544,0.46528,0.02,0.02,0.02,0.02,0.02,0.02,0.02,0.02,1
2017-03-26,2017,85,NA,NA,NA,NA,NA,NA,NA,NA,NA,NA,NA,NA,NA,NA,NA,NA,NA,NA,NA,NA,NA,NA,NA,NA,NA,0,0,0,0,0.30314,0.30393,0.3032,0.30276,0.44049,0.44507,0.45792,0.46857,0.02,0.02,0.02,0.02,0.02,0.02,0.02,0.02,1
2017-03-27,2017,86,0,None,NA,NA,NA,NA,NA,NA,NA,NA,NA,NA,NA,NA,NA,NA,NA,NA,NA,NA,NA,NA,NA,NA,NA,0,0,0,0,0.30353,0.30425,0.3035,0.30309,0.44499,0.44687,0.45998,0.47128,0.02,0.02,0.02,0.02,0.02,0.02,0.02,0.02,1
2017-03-28,2017,87,NA,NA,NA,NA,NA,NA,NA,NA,NA,NA,NA,NA,NA,NA,NA,NA,NA,NA,NA,NA,NA,NA,NA,NA,NA,0,0,0,0,0.30392,0.30457,0.30382,0.30345,0.44838,0.44814,0.46138,0.47308,0.02,0.02,0.02,0.02,0.02,0.02,0.02,0.02,1
2017-03-29,2017,88,NA,NA,NA,NA,NA,NA,NA,NA,NA,NA,NA,NA,NA,NA,NA,NA,NA,NA,NA,NA,NA,NA,NA,NA,NA,0,0,0,0,0.30429,0.30486,0.30414,0.30383,0.45023,0.44868,0.46189,0.47369,0.02,0.02,0.02,0.02,0.02,0.02,0.02,0.02,1
2017-03-30,2017,89,0,None,NA,NA,NA,NA,NA,NA,NA,NA,NA,NA,NA,NA,NA,NA,NA,NA,NA,NA,NA,NA,NA,NA,NA,0,0,0,0,0.30463,0.30512,0.30445,0.30421,0.45013,0.44829,0.46128,0.4728,0.02,0.02,0.02,0.02,0.02,0.02,0.02,0.02,1
2017-03-31,2017,90,NA,NA,NA,NA,NA,NA,NA,NA,NA,NA,NA,NA,NA,NA,NA,NA,NA,NA,NA,NA,NA,NA,NA,NA,NA,0,0,0,0,0.30492,0.30534,0.30475,0.30459,0.44895,0.44748,0.46002,0.47101,0.02,0.02,0.02,0.02,0.02,0.02,0.02,0.02,1
2017-04-01,2017,91,NA,NA,NA,NA,NA,NA,NA,NA,NA,NA,NA,NA,NA,NA,NA,NA,NA,NA,NA,NA,NA,NA,NA,NA,NA,0,0,0,0,0.30516,0.30552,0.30504,0.30501,0.44786,0.44686,0.45879,0.46915,0.02,0.02,0.02,0.02,0.02,0.02,0.02,0.02,1
2017-04-02,2017,92,0,None,NA,NA,NA,NA,NA,NA,NA,NA,NA,NA,NA,NA,NA,NA,NA,NA,NA,NA,NA,NA,NA,NA,NA,0,0,0,0,0.30537,0.30567,0.30532,0.30545,0.44686,0.44642,0.45763,0.4673,0.02,0.02,0.02,0.02,0.02,0.02,0.02,0.02,1
2017-04-03,2017,93,NA,NA,NA,NA,NA,NA,NA,NA,NA,NA,NA,NA,NA,NA,NA,NA,NA,NA,NA,NA,NA,NA,NA,NA,NA,0,0,0,0,0.30556,0.3058,0.30562,0.30591,0.446,0.44613,0.45656,0.46556,0.02,0.02,0.02,0.02,0.02,0.02,0.02,0.02,1
2017-04-04,2017,94,NA,NA,NA,NA,NA,NA,NA,NA,NA,NA,NA,NA,NA,NA,NA,NA,NA,NA,NA,NA,NA,NA,NA,NA,NA,0,0,0,0,0.30573,0.30593,0.30593,0.3064,0.44526,0.446,0.45562,0.46398,0.02,0.02,0.02,0.02,0.02,0.02,0.02,0.02,1
2017-04-05,2017,95,0,None,NA,NA,NA,NA,NA,NA,NA,NA,NA,NA,NA,NA,NA,NA,NA,NA,NA,NA,NA,NA,NA,NA,NA,0,0,0,0,0.3059,0.30607,0.30627,0.30691,0.44469,0.44601,0.45485,0.46266,0.02,0.02,0.02,0.02,0.02,0.02,0.02,0.02,1
2017-04-06,2017,96,NA,NA,NA,NA,NA,NA,NA,NA,NA,NA,NA,NA,NA,NA,NA,NA,NA,NA,NA,NA,NA,NA,NA,NA,NA,0,0,0,0,0.30608,0.30622,0.30665,0.30743,0.44429,0.44615,0.45428,0.46166,0.02,0.02,0.02,0.02,0.02,0.02,0.02,0.02,1
2017-04-07,2017,97,NA,NA,NA,NA,NA,NA,NA,NA,NA,NA,NA,NA,NA,NA,NA,NA,NA,NA,NA,NA,NA,NA,NA,NA,NA,0,0,0,0,0.30628,0.30641,0.30708,0.30798,0.44408,0.4464,0.45394,0.46108,0.02,0.02,0.02,0.02,0.02,0.02,0.02,0.02,1
2017-04-08,2017,98,0,None,NA,NA,NA,NA,NA,NA,NA,NA,NA,NA,NA,NA,NA,NA,NA,NA,NA,NA,NA,NA,NA,NA,NA,0,0,0,0,0.30651,0.30663,0.30756,0.30853,0.44409,0.44676,0.45387,0.46098,0.02,0.02,0.02,0.02,0.02,0.02,0.02,0.02,1
2017-04-09,2017,99,NA,NA,NA,NA,NA,NA,NA,NA,NA,NA,NA,NA,NA,NA,NA,NA,NA,NA,NA,NA,NA,NA,NA,NA,NA,0,0,0,0,0.30675,0.30688,0.30808,0.3091,0.44426,0.44719,0.45404,0.46132,0.02,0.02,0.02,0.02,0.02,0.02,0.02,0.02,1
2017-04-10,2017,100,NA,NA,NA,NA,NA,NA,NA,NA,NA,NA,NA,NA,NA,NA,NA,NA,NA,NA,NA,NA,NA,NA,NA,NA,NA,0,0,0,0,0.307,0.30713,0.3086,0.30967,0.44453,0.44765,0.45435,0.46194,0.02,0.02,0.02,0.02,0.02,0.02,0.02,0.02,1
2017-04-11,2017,101,0,None,NA,NA,NA,NA,NA,NA,NA,NA,NA,NA,NA,NA,NA,NA,NA,NA,NA,NA,NA,NA,NA,NA,NA,0,0,0,0,0.30727,0.30742,0.30914,0.31026,0.44486,0.44812,0.45474,0.46273,0.02,0.02,0.02,0.02,0.02,0.02,0.02,0.02,1
2017-04-12,2017,102,NA,NA,NA,NA,NA,NA,NA,NA,NA,NA,NA,NA,NA,NA,NA,NA,NA,NA,NA,NA,NA,NA,NA,NA,NA,0,0,0,0,0.30761,0.30776,0.30971,0.31089,0.44522,0.44856,0.45517,0.46361,0.02,0.02,0.02,0.02,0.02,0.02,0.02,0.02,1
2017-04-13,2017,103,NA,NA,NA,NA,NA,NA,NA,NA,NA,NA,NA,NA,NA,NA,NA,NA,NA,NA,NA,NA,NA,NA,NA,NA,NA,0,0,0,0,0.30803,0.30818,0.31033,0.31158,0.44557,0.44895,0.4556,0.46449,0.02,0.02,0.02,0.02,0.02,0.02,0.02,0.02,1
2017-04-14,2017,104,0,None,NA,NA,NA,NA,NA,NA,NA,NA,NA,NA,NA,NA,NA,NA,NA,NA,NA,NA,NA,NA,NA,NA,NA,0,0,0,0,0.30856,0.30871,0.311,0.31232,0.44589,0.44924,0.45597,0.46529,0.02,0.02,0.02,0.02,0.02,0.02,0.02,0.02,1
2017-04-15,2017,105,NA,NA,NA,NA,NA,NA,NA,NA,NA,NA,NA,NA,NA,NA,NA,NA,NA,NA,NA,NA,NA,NA,NA,NA,NA,0,0,0,0,0.30922,0.30936,0.31175,0.31315,0.44614,0.4494,0.45623,0.4659,0.02,0.02,0.02,0.02,0.02,0.02,0.02,0.02,1
2017-04-16,2017,106,NA,NA,NA,NA,NA,NA,NA,NA,NA,NA,NA,NA,NA,NA,NA,NA,NA,NA,NA,NA,NA,NA,NA,NA,NA,0,0,0,0,0.31004,0.31016,0.31259,0.31406,0.44629,0.44942,0.45633,0.46623,0.02,0.02,0.02,0.02,0.02,0.02,0.02,0.02,1
2017-04-17,2017,107,0,None,NA,NA,NA,NA,NA,NA,NA,NA,NA,NA,NA,NA,NA,NA,NA,NA,NA,NA,NA,NA,NA,NA,NA,0,0,0,0,0.31105,0.31114,0.31354,0.31509,0.4463,0.44924,0.45622,0.46621,0.02,0.02,0.02,0.02,0.02,0.02,0.02,0.02,1
2017-04-18,2017,108,NA,NA,NA,NA,NA,NA,NA,NA,NA,NA,NA,NA,NA,NA,NA,NA,NA,NA,NA,NA,NA,NA,NA,NA,NA,0,0,0,0,0.31226,0.31229,0.31462,0.31628,0.4462,0.44889,0.45589,0.46578,0.02,0.02,0.02,0.02,0.02,0.02,0.02,0.02,1
2017-04-19,2017,109,NA,NA,NA,NA,NA,NA,NA,NA,NA,NA,NA,NA,NA,NA,NA,NA,NA,NA,NA,NA,NA,NA,NA,NA,NA,0,0,0,0,0.31361,0.31358,0.31585,0.31766,0.44604,0.44841,0.45538,0.46502,0.02,0.02,0.02,0.02,0.02,0.02,0.02,0.02,1
2017-04-20,2017,110,0,None,NA,NA,NA,NA,NA,NA,NA,NA,NA,NA,NA,NA,NA,NA,NA,NA,NA,NA,NA,NA,NA,NA,NA,0,0,0,0,0.31508,0.31498,0.31721,0.31919,0.44584,0.44784,0.45472,0.464,0.02,0.02,0.02,0.02,0.02,0.02,0.02,0.02,1
2017-04-21,2017,111,NA,NA,NA,NA,NA,NA,NA,NA,NA,NA,NA,NA,NA,NA,NA,NA,NA,NA,NA,NA,NA,NA,NA,NA,NA,0,0,0,0,0.31664,0.31645,0.31868,0.32085,0.4456,0.44719,0.45395,0.46281,0.02,0.02,0.02,0.02,0.02,0.02,0.02,0.02,1
2017-04-22,2017,112,NA,NA,NA,NA,NA,NA,NA,NA,NA,NA,NA,NA,NA,NA,NA,NA,NA,NA,NA,NA,NA,NA,NA,NA,NA,0,0,0,0,0.31825,0.31798,0.32023,0.3226,0.44531,0.44652,0.45313,0.46153,0.02,0.02,0.02,0.02,0.02,0.02,0.02,0.02,1
2017-04-23,2017,113,0,None,NA,NA,NA,NA,NA,NA,NA,NA,NA,NA,NA,NA,NA,NA,NA,NA,NA,NA,NA,NA,NA,NA,NA,0,0,0,0,0.31987,0.31952,0.32184,0.3244,0.445,0.44585,0.45229,0.46023,0.02,0.02,0.02,0.02,0.02,0.02,0.02,0.02,1
2017-04-24,2017,114,NA,NA,NA,NA,NA,NA,NA,NA,NA,NA,NA,NA,NA,NA,NA,NA,NA,NA,NA,NA,NA,NA,NA,NA,NA,0,0,0,0,0.32147,0.32105,0.32348,0.32622,0.44467,0.4452,0.45148,0.45898,0.02,0.02,0.02,0.02,0.02,0.02,0.02,0.02,1
2017-04-25,2017,115,NA,NA,NA,NA,NA,NA,NA,NA,NA,NA,NA,NA,NA,NA,NA,NA,NA,NA,NA,NA,NA,NA,NA,NA,NA,0,0,0,0,0.32302,0.32254,0.32513,0.32802,0.44432,0.44461,0.45073,0.45788,0.02,0.02,0.02,0.02,0.02,0.02,0.02,0.02,1
2017-04-26,2017,116,0,None,NA,NA,NA,NA,NA,NA,NA,NA,NA,NA,NA,NA,NA,NA,NA,NA,NA,NA,NA,NA,NA,NA,NA,0,0,0,0,0.32449,0.32396,0.32677,0.32977,0.44396,0.44412,0.4501,0.45699,0.02,0.02,0.02,0.02,0.02,0.02,0.02,0.02,1
2017-04-27,2017,117,NA,NA,NA,NA,NA,NA,NA,NA,NA,NA,NA,NA,NA,NA,NA,NA,NA,NA,NA,NA,NA,NA,NA,NA,NA,0,0,0,0,0.32587,0.32531,0.32894,0.33201,0.44359,0.44372,0.44955,0.45623,0.02,0.02,0.02,0.02,0.02,0.02,0.02,0.02,1
2017-04-28,2017,118,NA,NA,NA,NA,NA,NA,NA,NA,NA,NA,NA,NA,NA,NA,NA,NA,NA,NA,NA,NA,NA,NA,NA,NA,NA,0,0,0,0,0.32723,0.32665,0.33202,0.33513,0.4432,0.44338,0.44905,0.45547,0.02,0.02,0.02,0.02,0.02,0.02,0.02,0.02,1
2017-04-29,2017,119,0,None,NA,NA,NA,NA,NA,NA,NA,NA,NA,NA,NA,NA,NA,NA,NA,NA,NA,NA,NA,NA,NA,NA,NA,0,0,0,0,0.32862,0.32802,0.33578,0.33889,0.44279,0.44308,0.44858,0.4547,0.02,0.02,0.02,0.02,0.02,0.02,0.02,0.02,1
2017-04-30,2017,120,NA,NA,NA,NA,NA,NA,NA,NA,NA,NA,NA,NA,NA,NA,NA,NA,NA,NA,NA,NA,NA,NA,NA,NA,NA,0,0,0,0,0.33007,0.32946,0.33996,0.34307,0.44236,0.44281,0.44814,0.45394,0.02,0.02,0.02,0.02,0.02,0.02,0.02,0.02,1
2017-05-01,2017,121,NA,NA,NA,NA,NA,NA,NA,NA,NA,NA,NA,NA,NA,NA,NA,NA,NA,NA,NA,NA,NA,NA,NA,NA,NA,0,0,0,0,0.33164,0.33102,0.34433,0.34742,0.44191,0.44256,0.44771,0.4532,0.02,0.02,0.02,0.02,0.02,0.02,0.02,0.02,1
2017-05-02,2017,122,0,None,NA,NA,NA,NA,NA,NA,NA,NA,NA,NA,NA,NA,NA,NA,NA,NA,NA,NA,NA,NA,NA,NA,NA,0,0,0,0,0.33337,0.33274,0.34864,0.3517,0.44144,0.4423,0.4473,0.45246,0.02,0.02,0.02,0.02,0.02,0.02,0.02,0.02,1
2017-05-03,2017,123,NA,NA,NA,NA,NA,NA,NA,NA,NA,NA,NA,NA,NA,NA,NA,NA,NA,NA,NA,NA,NA,NA,NA,NA,NA,0,0,0,0,0.3353,0.33467,0.35265,0.35568,0.44096,0.44203,0.4469,0.45175,0.02,0.02,0.02,0.02,0.02,0.02,0.02,0.02,1
2017-05-04,2017,124,NA,NA,NA,NA,NA,NA,NA,NA,NA,NA,NA,NA,NA,NA,NA,NA,NA,NA,NA,NA,NA,NA,NA,NA,NA,0,0,0,0,0.33749,0.33685,0.35612,0.35911,0.44045,0.44172,0.44649,0.45106,0.02,0.02,0.02,0.02,0.02,0.02,0.02,0.02,1
2017-05-05,2017,125,0,None,NA,NA,NA,NA,NA,NA,NA,NA,NA,NA,NA,NA,NA,NA,NA,NA,NA,NA,NA,NA,NA,NA,NA,0,0,0,0,0.33996,0.33932,0.3588,0.36177,0.43993,0.44137,0.44607,0.4504,0.02,0.02,0.02,0.02,0.02,0.02,0.02,0.02,1
2017-05-06,2017,126,NA,NA,NA,NA,NA,NA,NA,NA,NA,NA,NA,NA,NA,NA,NA,NA,NA,NA,NA,NA,NA,NA,NA,NA,NA,0,0,0,0,0.34298,0.34231,0.36099,0.36396,0.43914,0.44068,0.44549,0.44992,0.02,0.02,0.02,0.02,0.02,0.02,0.02,0.02,1
2017-05-07,2017,127,NA,NA,NA,NA,NA,NA,NA,NA,NA,NA,NA,NA,NA,NA,NA,NA,NA,NA,NA,NA,NA,NA,NA,NA,NA,0,0,0,0,0.34661,0.34586,0.36313,0.36612,0.43792,0.43945,0.44462,0.44972,0.02,0.02,0.02,0.02,0.02,0.02,0.02,0.02,1
2017-05-08,2017,128,0,None,NA,NA,NA,NA,NA,NA,NA,NA,NA,NA,NA,NA,NA,NA,NA,NA,NA,NA,NA,NA,NA,NA,NA,0,0,0,0,0.35063,0.3498,0.36519,0.3682,0.43639,0.43784,0.44357,0.44972,0.02,0.02,0.02,0.02,0.02,0.02,0.02,0.02,1
2017-05-09,2017,129,NA,NA,NA,NA,NA,NA,NA,NA,NA,NA,NA,NA,NA,NA,NA,NA,NA,NA,NA,NA,NA,NA,NA,NA,NA,0,0,0,0,0.35482,0.35392,0.36712,0.37016,0.43471,0.43599,0.4424,0.44985,0.02,0.02,0.02,0.02,0.02,0.02,0.02,0.02,1
2017-05-10,2017,130,NA,NA,NA,NA,NA,NA,NA,NA,NA,NA,NA,NA,NA,NA,NA,NA,NA,NA,NA,NA,NA,NA,NA,NA,NA,0,0,0,0,0.35899,0.35803,0.3689,0.37196,0.43299,0.43406,0.4412,0.45003,0.02,0.02,0.02,0.02,0.02,0.02,0.02,0.02,1
2017-05-11,2017,131,0,None,NA,NA,NA,NA,NA,NA,NA,NA,NA,NA,NA,NA,NA,NA,NA,NA,NA,NA,NA,NA,NA,NA,NA,0,0,0,0,0.36291,0.36195,0.37048,0.37355,0.43137,0.4322,0.44005,0.45018,0.02,0.02,0.02,0.02,0.02,0.02,0.02,0.02,1
2017-05-12,2017,132,NA,NA,NA,NA,NA,NA,NA,NA,NA,NA,NA,NA,NA,NA,NA,NA,NA,NA,NA,NA,NA,NA,NA,NA,NA,0,0,0,0,0.36636,0.36547,0.37184,0.37489,0.42998,0.43056,0.43903,0.45024,0.02,0.02,0.02,0.02,0.02,0.02,0.02,0.02,1
2017-05-13,2017,133,NA,NA,NA,NA,NA,NA,NA,NA,NA,NA,NA,NA,NA,NA,NA,NA,NA,NA,NA,NA,NA,NA,NA,NA,NA,0,0,0,0,0.36914,0.36841,0.37292,0.37592,0.42896,0.42928,0.43821,0.45012,0.02,0.02,0.02,0.02,0.02,0.02,0.02,0.02,1
2017-05-14,2017,134,0,None,NA,NA,NA,NA,NA,NA,NA,NA,NA,NA,NA,NA,NA,NA,NA,NA,NA,NA,NA,NA,NA,NA,NA,0,0,0,0,0.37103,0.37057,0.3737,0.37661,0.42843,0.42851,0.43769,0.44974,0.02,0.02,0.02,0.02,0.02,0.02,0.02,0.02,1
2017-05-15,2017,135,NA,NA,NA,NA,NA,NA,NA,NA,NA,NA,NA,NA,NA,NA,NA,NA,NA,NA,NA,NA,NA,NA,NA,NA,NA,0,0,0,0,0.37221,0.37204,0.37429,0.37709,0.42839,0.42831,0.43752,0.44932,0.02,0.02,0.02,0.02,0.02,0.02,0.02,0.02,1
2017-05-16,2017,136,NA,NA,NA,NA,NA,NA,NA,NA,NA,NA,NA,NA,NA,NA,NA,NA,NA,NA,NA,NA,NA,NA,NA,NA,NA,0,0,0,0,0.37306,0.37306,0.37486,0.37756,0.42868,0.42858,0.43769,0.44908,0.02,0.02,0.02,0.02,0.02,0.02,0.02,0.02,1
2017-05-17,2017,137,0,None,NA,NA,NA,NA,NA,NA,NA,NA,NA,NA,NA,NA,NA,NA,NA,NA,NA,NA,NA,NA,NA,NA,NA,0,0,0,0,0.37361,0.37368,0.3754,0.378,0.42928,0.42926,0.43816,0.44903,0.02,0.02,0.02,0.02,0.02,0.02,0.02,0.02,1
2017-05-18,2017,138,NA,NA,NA,NA,NA,NA,NA,NA,NA,NA,NA,NA,NA,NA,NA,NA,NA,NA,NA,NA,NA,NA,NA,NA,NA,0,0,0,0,0.3739,0.37397,0.3759,0.37841,0.43016,0.43031,0.43891,0.44916,0.02,0.02,0.02,0.02,0.02,0.02,0.02,0.02,1
2017-05-19,2017,139,NA,NA,NA,NA,NA,NA,NA,NA,NA,NA,NA,NA,NA,NA,NA,NA,NA,NA,NA,NA,NA,NA,NA,NA,NA,0,0,0,0,0.37397,0.37398,0.37638,0.37881,0.43128,0.43166,0.43991,0.44947,0.02,0.02,0.02,0.02,0.02,0.02,0.02,0.02,1
2017-05-20,2017,140,51,grandrivergrass_2017_05_20_120008.jpg,101.21752,88.68949,48.75686,0.37161,0.4241,105.06368,7.16559,91.28447,3.83859,47.09374,2.92629,0.37512,0.00576,0.37526,0.37856,0.38106,0.4313,0.0139,0.43149,0.43989,0.44964,69.4525,NA,0,0,0,0,0.37387,0.37377,0.37682,0.37918,0.4326,0.43326,0.44112,0.44996,0.00418,0.00406,0.00463,0.00553,0.01508,0.0164,0.01514,0.01699,NA
2017-05-21,2017,141,NA,NA,NA,NA,NA,NA,NA,NA,NA,NA,NA,NA,NA,NA,NA,NA,NA,NA,NA,NA,NA,NA,NA,NA,NA,0,0,0,0,0.37362,0.37338,0.37723,0.37953,0.4341,0.43505,0.44252,0.45063,0.00325,0.00316,0.00396,0.00472,0.01173,0.01275,0.01178,0.01322,NA
2017-05-22,2017,142,NA,NA,NA,NA,NA,NA,NA,NA,NA,NA,NA,NA,NA,NA,NA,NA,NA,NA,NA,NA,NA,NA,NA,NA,NA,0,0,0,0,0.37328,0.37289,0.37761,0.37985,0.43573,0.43699,0.44408,0.45148,0.00278,0.0027,0.00345,0.00412,0.01002,0.0109,0.01007,0.01129,NA
2017-05-23,2017,143,57,grandrivergrass_2017_05_23_120008.jpg,121.83324,100.91613,49.72778,0.37037,0.44713,107.05889,5.29692,91.28464,2.94772,46.71591,3.71047,0.37255,0.00439,0.37273,0.37527,0.37724,0.43684,0.01434,0.43796,0.44435,0.45019,69.83087,NA,0,0,0,0,0.37289,0.37235,0.37796,0.38016,0.43747,0.43901,0.44577,0.45249,0.00264,0.00256,0.00307,0.00366,0.0095,0.01033,0.00954,0.0107,NA
2017-05-24,2017,144,NA,NA,NA,NA,NA,NA,NA,NA,NA,NA,NA,NA,NA,NA,NA,NA,NA,NA,NA,NA,NA,NA,NA,NA,NA,0,0,0,0,0.37256,0.37194,0.37814,0.38032,0.43905,0.44077,0.44727,0.45344,0.00268,0.0026,0.00279,0.00333,0.00964,0.01049,0.00968,0.01086,NA
2017-05-25,2017,145,NA,NA,NA,NA,NA,NA,NA,NA,NA,NA,NA,NA,NA,NA,NA,NA,NA,NA,NA,NA,NA,NA,NA,NA,NA,0,0,0,0,0.37241,0.37176,0.37806,0.38025,0.44027,0.442,0.44832,0.45413,0.00273,0.00265,0.00261,0.00312,0.00985,0.01071,0.00989,0.01109,NA
2017-05-26,2017,146,78,grandrivergrass_2017_05_26_120008.jpg,110.90561,90.67257,44.61895,0.36829,0.45047,109.33431,6.10486,91.6348,3.10928,45.961,4.42536,0.37122,0.00796,0.36887,0.37763,0.37979,0.4427,0.01704,0.44602,0.45078,0.45588,70.51112,NA,0,0,0,0,0.37237,0.37178,0.37779,0.38002,0.44117,0.44277,0.44899,0.4546,0.00273,0.00265,0.00249,0.00298,0.00983,0.01069,0.00987,0.01107,NA
2017-05-27,2017,147,NA,NA,NA,NA,NA,NA,NA,NA,NA,NA,NA,NA,NA,NA,NA,NA,NA,NA,NA,NA,NA,NA,NA,NA,NA,0,0,0,0,0.37244,0.37194,0.37743,0.37971,0.44181,0.44316,0.44934,0.45488,0.00265,0.00257,0.00243,0.0029,0.00954,0.01038,0.00958,0.01075,NA
2017-05-28,2017,148,NA,NA,NA,NA,NA,NA,NA,NA,NA,NA,NA,NA,NA,NA,NA,NA,NA,NA,NA,NA,NA,NA,NA,NA,NA,0,0,0,0,0.37256,0.3722,0.37706,0.37939,0.44224,0.44326,0.44943,0.45501,0.00252,0.00244,0.00242,0.00289,0.00907,0.00987,0.00911,0.01022,NA
2017-05-29,2017,149,78,grandrivergrass_2017_05_29_120007.jpg,110.98713,94.09955,46.26278,0.37438,0.44157,110.12571,5.47612,92.95968,3.41779,45.47082,4.12114,0.37407,0.00674,0.37504,0.37907,0.38146,0.44304,0.01474,0.44294,0.45113,0.45712,70.95459,NA,0,0,0,0,0.3727,0.37251,0.37676,0.37913,0.44251,0.44313,0.44934,0.45504,0.00238,0.00231,0.00245,0.00293,0.00856,0.00931,0.0086,0.00965,NA
2017-05-30,2017,150,NA,NA,NA,NA,NA,NA,NA,NA,NA,NA,NA,NA,NA,NA,NA,NA,NA,NA,NA,NA,NA,NA,NA,NA,NA,0,0,0,0,0.37284,0.37283,0.37644,0.37885,0.44266,0.44286,0.44913,0.455,0.00227,0.0022,0.00248,0.00296,0.00817,0.00889,0.00821,0.00921,NA
2017-05-31,2017,151,NA,NA,NA,NA,NA,NA,NA,NA,NA,NA,NA,NA,NA,NA,NA,NA,NA,NA,NA,NA,NA,NA,NA,NA,NA,0,0,0,0,0.37294,0.3731,0.37598,0.37843,0.44275,0.44252,0.44885,0.45494,0.00223,0.00216,0.00246,0.00294,0.00803,0.00873,0.00806,0.00905,NA
2017-06-01,2017,152,78,grandrivergrass_2017_06_01_120007.jpg,116.29676,97.33799,50.03037,0.36917,0.44108,109.70359,5.21572,92.08232,3.48564,44.08326,3.12767,0.37461,0.00651,0.37599,0.37889,0.38068,0.44616,0.01059,0.44603,0.45159,0.45736,71.33788,NA,0,0,0,0,0.37296,0.37328,0.37547,0.37796,0.44283,0.44219,0.44858,0.45488,0.00226,0.0022,0.00243,0.0029,0.00815,0.00887,0.00819,0.00919,NA
2017-06-02,2017,153,NA,NA,NA,NA,NA,NA,NA,NA,NA,NA,NA,NA,NA,NA,NA,NA,NA,NA,NA,NA,NA,NA,NA,NA,NA,0,0,0,0,0.37287,0.37333,0.37497,0.3775,0.44294,0.44195,0.44839,0.45489,0.00234,0.00227,0.00241,0.00287,0.00844,0.00918,0.00848,0.00951,NA
2017-06-03,2017,154,NA,NA,NA,NA,NA,NA,NA,NA,NA,NA,NA,NA,NA,NA,NA,NA,NA,NA,NA,NA,NA,NA,NA,NA,NA,0,0,0,0,0.37263,0.37319,0.37454,0.37712,0.44314,0.44187,0.44832,0.45498,0.00242,0.00235,0.00241,0.00288,0.00874,0.0095,0.00877,0.00985,NA
2017-06-04,2017,155,78,grandrivergrass_2017_06_04_120009.jpg,113.42914,95.08793,47.39907,0.37156,0.44323,109.27155,3.4572,92.96274,2.66642,45.94678,3.63767,0.37464,0.0057,0.37448,0.37849,0.38085,0.44039,0.01012,0.43913,0.44498,0.45091,71.66147,NA,0,0,0,0,0.37222,0.37281,0.37426,0.37686,0.44348,0.44203,0.44846,0.45521,0.00246,0.00239,0.00243,0.00291,0.00887,0.00964,0.0089,0.00999,NA
2017-06-05,2017,156,NA,NA,NA,NA,NA,NA,NA,NA,NA,NA,NA,NA,NA,NA,NA,NA,NA,NA,NA,NA,NA,NA,NA,NA,NA,0,0,0,0,0.37161,0.37218,0.3741,0.37672,0.444,0.4425,0.44886,0.45562,0.00242,0.00235,0.00244,0.00291,0.00871,0.00948,0.00875,0.00982,NA
2017-06-06,2017,157,NA,NA,NA,NA,NA,NA,NA,NA,NA,NA,NA,NA,NA,NA,NA,NA,NA,NA,NA,NA,NA,NA,NA,NA,NA,0,0,0,0,0.37086,0.37135,0.37397,0.3766,0.44469,0.44326,0.44951,0.4562,0.00232,0.00225,0.00241,0.00288,0.00835,0.00908,0.00839,0.00941,NA
2017-06-07,2017,158,78,grandrivergrass_2017_06_07_120008.jpg,117.63572,97.96984,52.32834,0.36565,0.43905,110.88075,3.85886,92.23659,3.37231,46.64303,4.23944,0.36938,0.00544,0.36934,0.3728,0.37609,0.44412,0.00974,0.44176,0.44942,0.45889,71.95091,NA,0,0,0,0,0.37003,0.37039,0.37387,0.37652,0.44549,0.44424,0.45036,0.45693,0.00221,0.00214,0.00236,0.00282,0.00795,0.00865,0.00799,0.00896,NA
2017-06-08,2017,159,NA,NA,NA,NA,NA,NA,NA,NA,NA,NA,NA,NA,NA,NA,NA,NA,NA,NA,NA,NA,NA,NA,NA,NA,NA,0,0,0,0,0.36918,0.3694,0.37381,0.37646,0.44637,0.44538,0.45136,0.45777,0.00214,0.00207,0.00231,0.00276,0.0077,0.00837,0.00773,0.00867,NA
2017-06-09,2017,160,NA,NA,NA,NA,NA,NA,NA,NA,NA,NA,NA,NA,NA,NA,NA,NA,NA,NA,NA,NA,NA,NA,NA,NA,NA,0,0,0,0,0.36838,0.36844,0.37377,0.37642,0.44729,0.44663,0.45245,0.45867,0.00214,0.00207,0.00228,0.00273,0.0077,0.00837,0.00773,0.00867,NA
2017-06-10,2017,161,78,grandrivergrass_2017_06_10_120009.jpg,116.02194,95.79233,52.55722,0.36234,0.43886,110.53343,4.16759,90.07062,3.65358,46.97873,3.43496,0.36383,0.00413,0.36421,0.36578,0.36906,0.44659,0.00872,0.44552,0.45006,0.45457,72.1933,NA,0,0,0,0,0.36769,0.36761,0.37375,0.37641,0.44819,0.4479,0.4536,0.45961,0.00221,0.00214,0.00228,0.00272,0.00795,0.00865,0.00799,0.00896,NA
2017-06-11,2017,162,NA,NA,NA,NA,NA,NA,NA,NA,NA,NA,NA,NA,NA,NA,NA,NA,NA,NA,NA,NA,NA,NA,NA,NA,NA,0,0,0,0,0.36717,0.36697,0.37376,0.37643,0.44905,0.44915,0.45475,0.46053,0.00232,0.00225,0.00229,0.00273,0.00835,0.00908,0.00839,0.00941,NA
2017-06-12,2017,163,NA,NA,NA,NA,NA,NA,NA,NA,NA,NA,NA,NA,NA,NA,NA,NA,NA,NA,NA,NA,NA,NA,NA,NA,NA,0,0,0,0,0.36689,0.36662,0.37379,0.37647,0.44982,0.45031,0.45585,0.46141,0.00242,0.00235,0.00231,0.00276,0.00871,0.00948,0.00875,0.00982,NA
2017-06-13,2017,164,78,grandrivergrass_2017_06_13_120008.jpg,126.85248,99.31409,51.77032,0.35733,0.45641,113.50408,7.16624,91.14466,4.98554,45.54163,3.88564,0.36439,0.00541,0.36475,0.36817,0.37136,0.45364,0.01124,0.45376,0.45978,0.46669,72.37576,NA,0,0,0,0,0.36692,0.36663,0.37383,0.37653,0.45046,0.45131,0.45685,0.46221,0.00246,0.00239,0.00232,0.00277,0.00887,0.00964,0.0089,0.00999,NA
2017-06-14,2017,165,NA,NA,NA,NA,NA,NA,NA,NA,NA,NA,NA,NA,NA,NA,NA,NA,NA,NA,NA,NA,NA,NA,NA,NA,NA,0,0,0,0,0.36728,0.36703,0.37397,0.37668,0.45096,0.45217,0.45779,0.46296,0.00242,0.00235,0.0023,0.00275,0.00871,0.00948,0.00875,0.00982,NA
2017-06-15,2017,166,NA,NA,NA,NA,NA,NA,NA,NA,NA,NA,NA,NA,NA,NA,NA,NA,NA,NA,NA,NA,NA,NA,NA,NA,NA,0,0,0,0,0.3679,0.36772,0.37425,0.37696,0.45137,0.45292,0.45871,0.46371,0.00232,0.00225,0.00226,0.0027,0.00835,0.00908,0.00839,0.00941,NA
2017-06-16,2017,167,78,grandrivergrass_2017_06_16_120007.jpg,115.72472,93.68603,45.24227,0.3679,0.45444,111.72925,4.609,91.86926,3.20608,43.72998,4.17884,0.37154,0.00726,0.36957,0.37871,0.38069,0.45186,0.01301,0.45507,0.45973,0.46367,72.49616,NA,0,0,0,0,0.36871,0.36864,0.37463,0.37735,0.45169,0.45356,0.45958,0.46444,0.00221,0.00214,0.00222,0.00265,0.00795,0.00865,0.00799,0.00896,NA
2017-06-17,2017,168,NA,NA,NA,NA,NA,NA,NA,NA,NA,NA,NA,NA,NA,NA,NA,NA,NA,NA,NA,NA,NA,NA,NA,NA,NA,0,0,0,0,0.36965,0.36969,0.37507,0.37779,0.45192,0.45409,0.46039,0.46511,0.00214,0.00207,0.0022,0.00262,0.0077,0.00837,0.00773,0.00867,NA
2017-06-18,2017,169,NA,NA,NA,NA,NA,NA,NA,NA,NA,NA,NA,NA,NA,NA,NA,NA,NA,NA,NA,NA,NA,NA,NA,NA,NA,0,0,0,0,0.37064,0.37082,0.37554,0.37826,0.45208,0.4545,0.4611,0.46572,0.00214,0.00207,0.0022,0.00262,0.0077,0.00837,0.00773,0.00867,NA
2017-06-19,2017,170,78,grandrivergrass_2017_06_19_120009.jpg,114.79184,93.43139,43.01284,0.37189,0.45691,113.45982,6.01362,93.66882,2.98627,43.53371,4.91059,0.37371,0.00542,0.3747,0.37792,0.37985,0.45263,0.01945,0.45699,0.46454,0.46709,72.55686,NA,0,0,0,0,0.3716,0.37193,0.37599,0.37871,0.45217,0.45481,0.4617,0.46623,0.00221,0.00214,0.00222,0.00265,0.00795,0.00865,0.00799,0.00896,NA
2017-06-20,2017,171,NA,NA,NA,NA,NA,NA,NA,NA,NA,NA,NA,NA,NA,NA,NA,NA,NA,NA,NA,NA,NA,NA,NA,NA,NA,0,0,0,0,0.37248,0.37295,0.37638,0.3791,0.4522,0.45499,0.46216,0.46663,0.00232,0.00225,0.00226,0.0027,0.00835,0.00908,0.00839,0.00941,NA
2017-06-21,2017,172,NA,NA,NA,NA,NA,NA,NA,NA,NA,NA,NA,NA,NA,NA,NA,NA,NA,NA,NA,NA,NA,NA,NA,NA,NA,0,0,0,0,0.37319,0.37381,0.37668,0.37939,0.45217,0.45506,0.46244,0.4669,0.00242,0.00235,0.0023,0.00275,0.00871,0.00948,0.00875,0.00982,NA
2017-06-22,2017,173,78,grandrivergrass_2017_06_22_120009.jpg,107.31544,91.30708,41.75106,0.37985,0.44645,110.99145,7.23568,92.60187,3.84312,44.12959,4.79753,0.3739,0.00653,0.37523,0.37923,0.38171,0.44792,0.01964,0.45147,0.45738,0.46338,72.56288,NA,0,0,0,0,0.37367,0.37442,0.37684,0.37956,0.4521,0.455,0.46254,0.46701,0.00246,0.00239,0.00232,0.00277,0.00887,0.00964,0.0089,0.00999,NA
2017-06-23,2017,174,NA,NA,NA,NA,NA,NA,NA,NA,NA,NA,NA,NA,NA,NA,NA,NA,NA,NA,NA,NA,NA,NA,NA,NA,NA,0,0,0,0,0.37393,0.37481,0.37691,0.37963,0.45198,0.45481,0.46242,0.46694,0.00242,0.00235,0.0023,0.00275,0.00871,0.00948,0.00875,0.00982,NA
2017-06-24,2017,175,NA,NA,NA,NA,NA,NA,NA,NA,NA,NA,NA,NA,NA,NA,NA,NA,NA,NA,NA,NA,NA,NA,NA,NA,NA,0,0,0,0,0.37405,0.37503,0.37696,0.3797,0.4518,0.45452,0.46212,0.46669,0.00232,0.00225,0.00226,0.0027,0.00835,0.00908,0.00839,0.00941,NA
2017-06-25,2017,176,58,grandrivergrass_2017_06_25_120009.jpg,114.046,92.81565,42.64043,0.372,0.45709,112.67849,4.28683,91.95407,3.17065,42.2832,4.27727,0.3725,0.00672,0.37301,0.3768,0.3796,0.45646,0.01164,0.45586,0.46582,0.47122,72.53867,NA,0,0,0,0,0.37405,0.37512,0.377,0.37976,0.45159,0.45416,0.46167,0.46631,0.00221,0.00214,0.00222,0.00265,0.00795,0.00865,0.00799,0.00896,NA
2017-06-26,2017,177,NA,NA,NA,NA,NA,NA,NA,NA,NA,NA,NA,NA,NA,NA,NA,NA,NA,NA,NA,NA,NA,NA,NA,NA,NA,0,0,0,0,0.37395,0.37508,0.37702,0.3798,0.45138,0.45375,0.46113,0.46584,0.00214,0.00207,0.0022,0.00262,0.0077,0.00837,0.00773,0.00867,NA
2017-06-27,2017,178,NA,NA,NA,NA,NA,NA,NA,NA,NA,NA,NA,NA,NA,NA,NA,NA,NA,NA,NA,NA,NA,NA,NA,NA,NA,0,0,0,0,0.37377,0.37494,0.37702,0.37981,0.45116,0.45334,0.46054,0.46531,0.00214,0.00207,0.0022,0.00262,0.0077,0.00837,0.00773,0.00867,NA
2017-06-28,2017,179,58,grandrivergrass_2017_06_28_083005.jpg,105.5504,90.40696,45.22794,0.37484,0.43763,110.8457,5.66617,91.77225,2.68125,43.77977,3.38213,0.37261,0.00806,0.37442,0.37716,0.38152,0.44976,0.0136,0.45288,0.46015,0.46385,72.45254,NA,0,0,0,0,0.37352,0.3747,0.37699,0.37981,0.45097,0.45295,0.45993,0.46476,0.00221,0.00214,0.00222,0.00265,0.00795,0.00865,0.00799,0.00896,NA
2017-06-29,2017,180,NA,NA,NA,NA,NA,NA,NA,NA,NA,NA,NA,NA,NA,NA,NA,NA,NA,NA,NA,NA,NA,NA,NA,NA,NA,0,0,0,0,0.37321,0.37438,0.37693,0.37977,0.45083,0.45261,0.45936,0.46424,0.00232,0.00225,0.00226,0.0027,0.00835,0.00908,0.00839,0.00941,NA
2017-06-30,2017,181,NA,NA,NA,NA,NA,NA,NA,NA,NA,NA,NA,NA,NA,NA,NA,NA,NA,NA,NA,NA,NA,NA,NA,NA,NA,0,0,0,0,0.37288,0.374,0.37685,0.3797,0.45074,0.45236,0.45887,0.46377,0.00242,0.00235,0.0023,0.00275,0.00871,0.00948,0.00875,0.00982,NA
2017-07-01,2017,182,78,grandrivergrass_2017_07_01_120008.jpg,114.44894,95.46646,44.50511,0.37523,0.44984,109.26479,3.98335,91.78165,2.72933,42.76381,5.06382,0.37659,0.00811,0.37885,0.38229,0.38475,0.44829,0.01252,0.44964,0.45575,0.46309,72.30267,NA,0,0,0,0,0.37253,0.37357,0.37673,0.37959,0.45074,0.45224,0.45851,0.46339,0.00246,0.00239,0.00232,0.00277,0.00887,0.00964,0.0089,0.00999,NA
2017-07-02,2017,183,NA,NA,NA,NA,NA,NA,NA,NA,NA,NA,NA,NA,NA,NA,NA,NA,NA,NA,NA,NA,NA,NA,NA,NA,NA,0,0,0,0,0.37213,0.37306,0.37657,0.37943,0.45082,0.45221,0.45825,0.46313,0.00242,0.00235,0.0023,0.00275,0.00871,0.00948,0.00875,0.00982,NA
2017-07-03,2017,184,NA,NA,NA,NA,NA,NA,NA,NA,NA,NA,NA,NA,NA,NA,NA,NA,NA,NA,NA,NA,NA,NA,NA,NA,NA,0,0,0,0,0.37167,0.37245,0.37636,0.37921,0.45098,0.45222,0.45806,0.46296,0.00232,0.00225,0.00226,0.0027,0.00835,0.00908,0.00839,0.00941,NA
2017-07-04,2017,185,78,grandrivergrass_2017_07_04_120009.jpg,110.9445,95.08907,47.13777,0.37559,0.43822,112.90309,6.57731,92.79429,4.17654,45.20676,3.52659,0.36994,0.00474,0.36947,0.37382,0.37591,0.44991,0.01154,0.45191,0.45695,0.45972,72.09118,NA,0,0,0,0,0.37118,0.37179,0.37611,0.37895,0.45117,0.45225,0.45791,0.46285,0.00221,0.00214,0.00222,0.00265,0.00795,0.00865,0.00799,0.00896,NA
2017-07-05,2017,186,NA,NA,NA,NA,NA,NA,NA,NA,NA,NA,NA,NA,NA,NA,NA,NA,NA,NA,NA,NA,NA,NA,NA,NA,NA,0,0,0,0,0.37067,0.37111,0.37582,0.37865,0.45137,0.45229,0.45779,0.46277,0.00214,0.00207,0.0022,0.00262,0.0077,0.00837,0.00773,0.00867,NA
2017-07-06,2017,187,NA,NA,NA,NA,NA,NA,NA,NA,NA,NA,NA,NA,NA,NA,NA,NA,NA,NA,NA,NA,NA,NA,NA,NA,NA,0,0,0,0,0.37017,0.37044,0.37551,0.37832,0.45155,0.45231,0.45766,0.4627,0.00214,0.00207,0.0022,0.00262,0.0077,0.00837,0.00773,0.00867,NA
2017-07-07,2017,188,78,grandrivergrass_2017_07_07_120008.jpg,122.53571,99.57902,49.95377,0.36601,0.45039,114.97484,4.51263,93.03589,3.55251,45.09771,3.05644,0.3676,0.00512,0.36738,0.37105,0.3739,0.45429,0.00751,0.45428,0.45811,0.4633,71.81762,NA,0,0,0,0,0.36972,0.36983,0.37517,0.37797,0.45168,0.45229,0.45751,0.46261,0.00221,0.00214,0.00222,0.00265,0.00795,0.00865,0.00799,0.00896,NA
2017-07-08,2017,189,NA,NA,NA,NA,NA,NA,NA,NA,NA,NA,NA,NA,NA,NA,NA,NA,NA,NA,NA,NA,NA,NA,NA,NA,NA,0,0,0,0,0.36933,0.36932,0.37483,0.37761,0.45174,0.4522,0.45732,0.46248,0.00232,0.00225,0.00226,0.0027,0.00835,0.00908,0.00839,0.00941,NA
2017-07-09,2017,190,NA,NA,NA,NA,NA,NA,NA,NA,NA,NA,NA,NA,NA,NA,NA,NA,NA,NA,NA,NA,NA,NA,NA,NA,NA,0,0,0,0,0.36904,0.36893,0.37447,0.37725,0.45169,0.45203,0.45707,0.46228,0.00242,0.00235,0.0023,0.00275,0.00871,0.00948,0.00875,0.00982,NA
2017-07-10,2017,191,78,grandrivergrass_2017_07_10_120006.jpg,113.71434,91.1742,44.45858,0.36565,0.45605,113.1125,5.56535,91.21813,3.80103,44.84325,3.58204,0.36611,0.00494,0.36571,0.36841,0.37144,0.454,0.0138,0.45482,0.45911,0.46375,71.48313,NA,0,0,0,0,0.36887,0.36871,0.37412,0.3769,0.45152,0.45177,0.45674,0.46198,0.00246,0.00239,0.00232,0.00277,0.00887,0.00964,0.0089,0.00999,NA
2017-07-11,2017,192,NA,NA,NA,NA,NA,NA,NA,NA,NA,NA,NA,NA,NA,NA,NA,NA,NA,NA,NA,NA,NA,NA,NA,NA,NA,0,0,0,0,0.36888,0.36871,0.37381,0.3766,0.45116,0.45133,0.45625,0.46149,0.00242,0.00235,0.0023,0.00275,0.00871,0.00948,0.00875,0.00982,NA
2017-07-12,2017,193,NA,NA,NA,NA,NA,NA,NA,NA,NA,NA,NA,NA,NA,NA,NA,NA,NA,NA,NA,NA,NA,NA,NA,NA,NA,0,0,0,0,0.36908,0.36893,0.37354,0.37635,0.45064,0.45071,0.45559,0.4608,0.00232,0.00225,0.00226,0.0027,0.00835,0.00908,0.00839,0.00941,NA
2017-07-13,2017,194,77,grandrivergrass_2017_07_13_120007.jpg,108.03288,91.79605,42.8863,0.3782,0.4451,110.56769,4.85554,92.39993,3.09304,44.55028,3.29004,0.37338,0.00543,0.37393,0.3765,0.37993,0.44671,0.0112,0.4463,0.45382,0.46033,71.09002,NA,0,0,0,0,0.36938,0.36927,0.3733,0.37613,0.45001,0.44998,0.45481,0.45997,0.00221,0.00214,0.00222,0.00265,0.00795,0.00865,0.00799,0.00896,NA
2017-07-14,2017,195,NA,NA,NA,NA,NA,NA,NA,NA,NA,NA,NA,NA,NA,NA,NA,NA,NA,NA,NA,NA,NA,NA,NA,NA,NA,0,0,0,0,0.36973,0.36967,0.37306,0.37592,0.44931,0.4492,0.45398,0.45908,0.00214,0.00207,0.0022,0.00262,0.0077,0.00837,0.00773,0.00867,NA
2017-07-15,2017,196,NA,NA,NA,NA,NA,NA,NA,NA,NA,NA,NA,NA,NA,NA,NA,NA,NA,NA,NA,NA,NA,NA,NA,NA,NA,0,0,0,0,0.37006,0.37005,0.3728,0.37568,0.44859,0.44843,0.45316,0.45818,0.00214,0.00207,0.0022,0.00262,0.0077,0.00837,0.00773,0.00867,NA
2017-07-16,2017,197,75,grandrivergrass_2017_07_16_120005.jpg,115.4231,94.5816,47.51446,0.36728,0.44821,112.73226,6.06052,92.88867,3.927,45.68511,3.06857,0.36971,0.00466,0.37002,0.37274,0.37506,0.44849,0.0102,0.44861,0.45273,0.45877,70.63842,NA,0,0,0,0,0.37031,0.37035,0.37249,0.3754,0.44791,0.44773,0.45242,0.45735,0.00221,0.00214,0.00222,0.00265,0.00795,0.00865,0.00799,0.00896,NA
2017-07-17,2017,198,NA,NA,NA,NA,NA,NA,NA,NA,NA,NA,NA,NA,NA,NA,NA,NA,NA,NA,NA,NA,NA,NA,NA,NA,NA,0,0,0,0,0.37041,0.37048,0.37211,0.37505,0.4473,0.44716,0.45183,0.45665,0.00232,0.00225,0.00226,0.0027,0.00835,0.00908,0.00839,0.00941,NA
2017-07-18,2017,199,NA,NA,NA,NA,NA,NA,NA,NA,NA,NA,NA,NA,NA,NA,NA,NA,NA,NA,NA,NA,NA,NA,NA,NA,NA,0,0,0,0,0.37029,0.37037,0.37164,0.37459,0.44683,0.44679,0.45144,0.45616,0.00242,0.00235,0.0023,0.00275,0.00871,0.00948,0.00875,0.00982,NA
2017-07-19,2017,200,75,grandrivergrass_2017_07_19_120006.jpg,117.15072,97.39605,50.64674,0.36726,0.44176,109.50954,4.76273,91.41375,3.14672,45.74557,3.42834,0.37064,0.00489,0.37123,0.37395,0.37656,0.444,0.01258,0.44571,0.4491,0.45225,70.13062,NA,0,0,0,0,0.36989,0.36994,0.37106,0.37401,0.44654,0.44668,0.45132,0.45594,0.00246,0.00239,0.00232,0.00277,0.00887,0.00964,0.0089,0.00999,NA
2017-07-20,2017,201,NA,NA,NA,NA,NA,NA,NA,NA,NA,NA,NA,NA,NA,NA,NA,NA,NA,NA,NA,NA,NA,NA,NA,NA,NA,0,0,0,0,0.36919,0.36919,0.37037,0.37331,0.4464,0.44685,0.45152,0.45605,0.00242,0.00235,0.0023,0.00275,0.00871,0.00948,0.00875,0.00982,NA
2017-07-21,2017,202,NA,NA,NA,NA,NA,NA,NA,NA,NA,NA,NA,NA,NA,NA,NA,NA,NA,NA,NA,NA,NA,NA,NA,NA,NA,0,0,0,0,0.36824,0.36819,0.36961,0.37253,0.44637,0.44728,0.452,0.45646,0.00232,0.00225,0.00226,0.0027,0.00835,0.00908,0.00839,0.00941,NA
2017-07-22,2017,203,75,grandrivergrass_2017_07_22_120006.jpg,116.22783,94.41366,49.20487,0.36334,0.44729,111.77966,4.52058,91.10188,3.26299,45.75076,3.26879,0.36645,0.00478,0.36584,0.36977,0.37207,0.44964,0.01121,0.44934,0.4538,0.4587,69.56893,NA,0,0,0,0,0.36709,0.36698,0.3688,0.37168,0.44644,0.44792,0.45273,0.45713,0.00221,0.00214,0.00222,0.00265,0.00795,0.00865,0.00799,0.00896,NA
2017-07-23,2017,204,NA,NA,NA,NA,NA,NA,NA,NA,NA,NA,NA,NA,NA,NA,NA,NA,NA,NA,NA,NA,NA,NA,NA,NA,NA,0,0,0,0,0.36578,0.36562,0.36792,0.37077,0.44661,0.44873,0.45367,0.45804,0.00214,0.00207,0.0022,0.00262,0.0077,0.00837,0.00773,0.00867,NA
2017-07-24,2017,205,NA,NA,NA,NA,NA,NA,NA,NA,NA,NA,NA,NA,NA,NA,NA,NA,NA,NA,NA,NA,NA,NA,NA,NA,NA,0,0,0,0,0.36438,0.36416,0.36699,0.36981,0.44689,0.44966,0.45476,0.45913,0.00214,0.00207,0.0022,0.00262,0.0077,0.00837,0.00773,0.00867,NA
2017-07-25,2017,206,75,grandrivergrass_2017_07_25_120008.jpg,106.8714,82.90892,41.81686,0.35799,0.46145,111.46555,4.80246,90.59502,3.3887,47.03894,3.1979,0.36372,0.00612,0.36271,0.36874,0.37152,0.44755,0.01318,0.44778,0.45442,0.45791,68.9545,NA,0,0,0,0,0.36291,0.36267,0.36602,0.36881,0.44728,0.45069,0.45598,0.46037,0.00221,0.00214,0.00222,0.00265,0.00795,0.00865,0.00799,0.00896,NA
2017-07-26,2017,207,NA,NA,NA,NA,NA,NA,NA,NA,NA,NA,NA,NA,NA,NA,NA,NA,NA,NA,NA,NA,NA,NA,NA,NA,NA,0,0,0,0,0.36144,0.36119,0.36502,0.36777,0.44777,0.45175,0.45727,0.46173,0.00232,0.00225,0.00226,0.0027,0.00835,0.00908,0.00839,0.00941,NA
2017-07-27,2017,208,NA,NA,NA,NA,NA,NA,NA,NA,NA,NA,NA,NA,NA,NA,NA,NA,NA,NA,NA,NA,NA,NA,NA,NA,NA,0,0,0,0,0.36002,0.35978,0.36398,0.3667,0.44838,0.45283,0.4586,0.46316,0.00242,0.00235,0.0023,0.00275,0.00871,0.00948,0.00875,0.00982,NA
2017-07-28,2017,209,75,grandrivergrass_2017_07_28_120009.jpg,107.98891,91.34532,54.08291,0.36045,0.42613,111.7663,7.91648,90.67798,3.38583,49.20996,5.33981,0.36039,0.00573,0.36045,0.36401,0.36904,0.44398,0.02424,0.4529,0.45707,0.46105,68.28987,NA,0,0,0,0,0.35868,0.35849,0.36292,0.36562,0.44911,0.45386,0.45993,0.46462,0.00246,0.00239,0.00232,0.00277,0.00887,0.00964,0.0089,0.00999,NA
2017-07-29,2017,210,NA,NA,NA,NA,NA,NA,NA,NA,NA,NA,NA,NA,NA,NA,NA,NA,NA,NA,NA,NA,NA,NA,NA,NA,NA,0,0,0,0,0.35737,0.35726,0.36172,0.36439,0.45001,0.4549,0.46128,0.46615,0.00242,0.00235,0.0023,0.00275,0.00871,0.00948,0.00875,0.00982,NA
2017-07-30,2017,211,NA,NA,NA,NA,NA,NA,NA,NA,NA,NA,NA,NA,NA,NA,NA,NA,NA,NA,NA,NA,NA,NA,NA,NA,NA,0,0,0,0,0.35601,0.35601,0.36029,0.36293,0.45111,0.456,0.46271,0.46777,0.00232,0.00225,0.00226,0.0027,0.00835,0.00908,0.00839,0.00941,NA
2017-07-31,2017,212,75,grandrivergrass_2017_07_31_120008.jpg,112.19022,84.59845,44.43101,0.35071,0.4651,117.81085,7.74728,90.69298,4.05353,50.3112,5.05492,0.35047,0.00456,0.35071,0.3532,0.35547,0.45514,0.02063,0.45866,0.46554,0.47231,67.57661,NA,0,0,0,0,0.3546,0.35473,0.35869,0.36131,0.45236,0.45714,0.46418,0.46944,0.00221,0.00214,0.00222,0.00265,0.00795,0.00865,0.00799,0.00896,NA
2017-08-01,2017,213,NA,NA,NA,NA,NA,NA,NA,NA,NA,NA,NA,NA,NA,NA,NA,NA,NA,NA,NA,NA,NA,NA,NA,NA,NA,0,0,0,0,0.35318,0.35343,0.357,0.35959,0.45374,0.4583,0.46564,0.47112,0.00214,0.00207,0.0022,0.00262,0.0077,0.00837,0.00773,0.00867,NA
2017-08-02,2017,214,NA,NA,NA,NA,NA,NA,NA,NA,NA,NA,NA,NA,NA,NA,NA,NA,NA,NA,NA,NA,NA,NA,NA,NA,NA,0,0,0,0,0.35175,0.35212,0.35529,0.35785,0.45518,0.45946,0.46708,0.47277,0.00214,0.00207,0.0022,0.00262,0.0077,0.00837,0.00773,0.00867,NA
2017-08-03,2017,215,73,grandrivergrass_2017_08_03_120008.jpg,116.48325,89.2291,44.59671,0.35648,0.46536,116.0839,8.16595,89.25911,3.72677,48.40461,5.36989,0.35187,0.00589,0.35276,0.35688,0.359,0.45736,0.02303,0.46528,0.47416,0.47963,66.81715,NA,0,0,0,0,0.35033,0.35081,0.35362,0.35616,0.45665,0.46061,0.46846,0.47434,0.00221,0.00214,0.00222,0.00265,0.00795,0.00865,0.00799,0.00896,NA
2017-08-04,2017,216,NA,NA,NA,NA,NA,NA,NA,NA,NA,NA,NA,NA,NA,NA,NA,NA,NA,NA,NA,NA,NA,NA,NA,NA,NA,0,0,0,0,0.34894,0.3495,0.35207,0.35458,0.4581,0.46171,0.46974,0.4758,0.00232,0.00225,0.00226,0.0027,0.00835,0.00908,0.00839,0.00941,NA
2017-08-05,2017,217,NA,NA,NA,NA,NA,NA,NA,NA,NA,NA,NA,NA,NA,NA,NA,NA,NA,NA,NA,NA,NA,NA,NA,NA,NA,0,0,0,0,0.3476,0.34821,0.35069,0.35318,0.45949,0.46277,0.47088,0.4771,0.00242,0.00235,0.0023,0.00275,0.00871,0.00948,0.00875,0.00982,NA
2017-08-06,2017,218,55,grandrivergrass_2017_08_06_120009.jpg,113.05917,86.67485,47.30231,0.35086,0.45766,115.72929,6.56164,88.40728,3.46322,48.40716,3.95698,0.3501,0.0047,0.35134,0.35308,0.35498,0.45821,0.01714,0.45766,0.46892,0.47604,65.73622,NA,0,0,0,0,0.34632,0.34693,0.34955,0.35204,0.46077,0.46375,0.47187,0.4782,0.00246,0.00239,0.00232,0.00277,0.00887,0.00964,0.0089,0.00999,NA
2017-08-07,2017,219,NA,NA,NA,NA,NA,NA,NA,NA,NA,NA,NA,NA,NA,NA,NA,NA,NA,NA,NA,NA,NA,NA,NA,NA,NA,0,0,0,0,0.34515,0.34573,0.34859,0.35107,0.46193,0.46466,0.47269,0.47912,0.00243,0.00236,0.0023,0.00275,0.00875,0.00952,0.00879,0.00986,NA
2017-08-08,2017,220,NA,NA,NA,NA,NA,NA,NA,NA,NA,NA,NA,NA,NA,NA,NA,NA,NA,NA,NA,NA,NA,NA,NA,NA,NA,0,0,0,0,0.34411,0.34465,0.34768,0.35015,0.463,0.46552,0.47337,0.4799,0.00235,0.00228,0.00227,0.00271,0.00845,0.00919,0.00849,0.00952,NA
2017-08-09,2017,221,72,grandrivergrass_2017_08_09_120009.jpg,129.83732,94.61625,55.89436,0.3375,0.46313,121.94984,5.95197,89.0393,3.85762,50.40397,3.76108,0.34069,0.00262,0.34035,0.34285,0.34398,0.46659,0.00983,0.46783,0.47254,0.47908,65.16818,NA,0,0,0,0,0.34321,0.34368,0.34682,0.34927,0.46397,0.4663,0.47393,0.48054,0.00223,0.00217,0.00226,0.0027,0.00804,0.00875,0.00808,0.00906,NA
2017-08-10,2017,222,NA,NA,NA,NA,NA,NA,NA,NA,NA,NA,NA,NA,NA,NA,NA,NA,NA,NA,NA,NA,NA,NA,NA,NA,NA,0,0,0,0,0.34242,0.34282,0.346,0.34844,0.46482,0.46702,0.47438,0.48106,0.00212,0.00205,0.00227,0.00271,0.00763,0.0083,0.00766,0.0086,NA
2017-08-11,2017,223,NA,NA,NA,NA,NA,NA,NA,NA,NA,NA,NA,NA,NA,NA,NA,NA,NA,NA,NA,NA,NA,NA,NA,NA,NA,0,0,0,0,0.34175,0.34208,0.34521,0.34765,0.46557,0.46765,0.47471,0.48146,0.00203,0.00197,0.0023,0.00275,0.00732,0.00796,0.00735,0.00825,NA
2017-08-12,2017,224,72,grandrivergrass_2017_08_12_120009.jpg,124.31294,87.44668,51.05269,0.33273,0.47301,121.74321,7.3643,87.92741,4.04211,51.5072,4.61691,0.3367,0.0032,0.33667,0.33851,0.3412,0.46612,0.01711,0.46992,0.47514,0.48064,64.28358,NA,0,0,0,0,0.34119,0.34145,0.34446,0.3469,0.4662,0.4682,0.47494,0.48175,0.002,0.00194,0.00232,0.00277,0.00721,0.00784,0.00724,0.00812,NA
2017-08-13,2017,225,NA,NA,NA,NA,NA,NA,NA,NA,NA,NA,NA,NA,NA,NA,NA,NA,NA,NA,NA,NA,NA,NA,NA,NA,NA,0,0,0,0,0.34074,0.34092,0.34388,0.34633,0.46671,0.46864,0.47508,0.48193,0.00203,0.00197,0.0023,0.00275,0.00732,0.00796,0.00735,0.00825,NA
2017-08-14,2017,226,NA,NA,NA,NA,NA,NA,NA,NA,NA,NA,NA,NA,NA,NA,NA,NA,NA,NA,NA,NA,NA,NA,NA,NA,NA,0,0,0,0,0.34039,0.3405,0.34352,0.34602,0.4671,0.46899,0.47514,0.48202,0.00212,0.00205,0.00227,0.00271,0.00763,0.0083,0.00766,0.0086,NA
2017-08-15,2017,227,58,grandrivergrass_2017_08_15_120007.jpg,108.51733,86.68134,48.75468,0.35532,0.44483,120.54526,5.82738,86.67625,2.69693,49.35008,3.37146,0.33791,0.00576,0.33785,0.34086,0.34431,0.46977,0.01409,0.47052,0.47758,0.48432,63.36099,NA,0,0,0,0,0.34013,0.34018,0.34329,0.34585,0.46736,0.46923,0.47512,0.48202,0.00223,0.00217,0.00226,0.0027,0.00804,0.00875,0.00808,0.00906,NA
2017-08-16,2017,228,NA,NA,NA,NA,NA,NA,NA,NA,NA,NA,NA,NA,NA,NA,NA,NA,NA,NA,NA,NA,NA,NA,NA,NA,NA,0,0,0,0,0.33996,0.33996,0.34308,0.3457,0.46749,0.46934,0.47503,0.48193,0.00235,0.00228,0.00227,0.00271,0.00845,0.00919,0.00849,0.00952,NA
2017-08-17,2017,229,NA,NA,NA,NA,NA,NA,NA,NA,NA,NA,NA,NA,NA,NA,NA,NA,NA,NA,NA,NA,NA,NA,NA,NA,NA,0,0,0,0,0.33987,0.33984,0.34279,0.34545,0.46748,0.46934,0.47489,0.48177,0.00243,0.00236,0.0023,0.00275,0.00875,0.00952,0.00879,0.00986,NA
2017-08-18,2017,230,72,grandrivergrass_2017_08_18_120009.jpg,132.06227,95.24167,55.70687,0.33653,0.46663,122.60845,6.02378,87.71048,4.17778,48.95181,4.68047,0.33833,0.00385,0.33825,0.34069,0.34331,0.4731,0.01452,0.47459,0.48027,0.49109,62.40373,NA,0,0,0,0,0.33985,0.33982,0.34231,0.34499,0.46733,0.4692,0.47469,0.48155,0.00246,0.00239,0.00232,0.00277,0.00887,0.00964,0.0089,0.00999,NA
2017-08-19,2017,231,NA,NA,NA,NA,NA,NA,NA,NA,NA,NA,NA,NA,NA,NA,NA,NA,NA,NA,NA,NA,NA,NA,NA,NA,NA,0,0,0,0,0.33991,0.33987,0.34177,0.34446,0.46696,0.4689,0.47433,0.48111,0.00242,0.00235,0.0023,0.00275,0.00871,0.00948,0.00875,0.00982,NA
2017-08-20,2017,232,NA,NA,NA,NA,NA,NA,NA,NA,NA,NA,NA,NA,NA,NA,NA,NA,NA,NA,NA,NA,NA,NA,NA,NA,NA,0,0,0,0,0.34001,0.33995,0.34134,0.34404,0.46634,0.46848,0.47376,0.48042,0.00232,0.00225,0.00226,0.0027,0.00835,0.00908,0.00839,0.00941,NA
2017-08-21,2017,233,52,grandrivergrass_2017_08_21_090007.jpg,112.73002,86.76595,49.15271,0.34895,0.45337,116.52457,6.47386,88.39707,2.97415,50.47117,3.52825,0.3462,0.00467,0.34627,0.34947,0.3532,0.45609,0.01426,0.45979,0.465,0.46787,61.41335,NA,0,0,0,0,0.34011,0.34001,0.34099,0.3437,0.46561,0.46801,0.4731,0.47961,0.00221,0.00214,0.00222,0.00265,0.00795,0.00865,0.00799,0.00896,NA
2017-08-22,2017,234,NA,NA,NA,NA,NA,NA,NA,NA,NA,NA,NA,NA,NA,NA,NA,NA,NA,NA,NA,NA,NA,NA,NA,NA,NA,0,0,0,0,0.34017,0.34002,0.34067,0.34339,0.46486,0.46756,0.47247,0.47883,0.00214,0.00207,0.0022,0.00262,0.0077,0.00837,0.00773,0.00867,NA
2017-08-23,2017,235,NA,NA,NA,NA,NA,NA,NA,NA,NA,NA,NA,NA,NA,NA,NA,NA,NA,NA,NA,NA,NA,NA,NA,NA,NA,0,0,0,0,0.34014,0.33994,0.34036,0.34308,0.46423,0.4672,0.47198,0.47821,0.00214,0.00207,0.0022,0.00262,0.0077,0.00837,0.00773,0.00867,NA
2017-08-24,2017,236,69,grandrivergrass_2017_08_24_120007.jpg,126.21562,91.05518,52.24244,0.33785,0.46831,121.74959,4.52735,88.00944,2.95309,49.92941,3.97954,0.33893,0.00298,0.33885,0.34032,0.34258,0.46896,0.01287,0.46912,0.47372,0.48039,60.39255,NA,0,0,0,0,0.33998,0.33973,0.34,0.34273,0.46382,0.46701,0.47176,0.47789,0.00221,0.00214,0.00222,0.00265,0.00795,0.00865,0.00799,0.00896,NA
2017-08-25,2017,237,NA,NA,NA,NA,NA,NA,NA,NA,NA,NA,NA,NA,NA,NA,NA,NA,NA,NA,NA,NA,NA,NA,NA,NA,NA,0,0,0,0,0.33964,0.33935,0.33958,0.34229,0.46374,0.46706,0.47193,0.47801,0.00232,0.00225,0.00226,0.0027,0.00835,0.00908,0.00839,0.00941,NA
2017-08-26,2017,238,NA,NA,NA,NA,NA,NA,NA,NA,NA,NA,NA,NA,NA,NA,NA,NA,NA,NA,NA,NA,NA,NA,NA,NA,NA,0,0,0,0,0.33908,0.33876,0.33904,0.34174,0.46412,0.46741,0.47259,0.47872,0.00242,0.00235,0.0023,0.00275,0.00871,0.00948,0.00875,0.00982,NA
2017-08-27,2017,239,66,grandrivergrass_2017_08_27_120009.jpg,124.60833,91.53201,53.91661,0.33894,0.46142,120.23333,6.45155,88.40587,3.09639,52.64557,3.83466,0.33839,0.00327,0.33907,0.3402,0.34168,0.46007,0.01586,0.46129,0.46939,0.47588,59.34342,NA,0,0,0,0,0.33826,0.33791,0.33836,0.34103,0.46507,0.46815,0.47388,0.48015,0.00246,0.00239,0.00232,0.00277,0.00887,0.00964,0.0089,0.00999,NA
2017-08-28,2017,240,NA,NA,NA,NA,NA,NA,NA,NA,NA,NA,NA,NA,NA,NA,NA,NA,NA,NA,NA,NA,NA,NA,NA,NA,NA,0,0,0,0,0.33715,0.3368,0.33746,0.34008,0.46667,0.46933,0.47589,0.48242,0.00242,0.00235,0.0023,0.00275,0.00871,0.00948,0.00875,0.00982,NA
2017-08-29,2017,241,NA,NA,NA,NA,NA,NA,NA,NA,NA,NA,NA,NA,NA,NA,NA,NA,NA,NA,NA,NA,NA,NA,NA,NA,NA,0,0,0,0,0.33579,0.33546,0.33636,0.3389,0.46884,0.47087,0.47854,0.4854,0.00232,0.00225,0.00226,0.0027,0.00835,0.00908,0.00839,0.00941,NA
2017-08-30,2017,242,45,grandrivergrass_2017_08_30_120009.jpg,135.72172,96.16412,57.96114,0.33178,0.46825,123.85536,8.74883,88.62971,3.41845,52.26452,4.53012,0.33486,0.00428,0.33325,0.33724,0.34133,0.46754,0.02124,0.47531,0.48085,0.48647,57.90571,NA,0,0,0,0,0.33425,0.33395,0.3351,0.33756,0.47142,0.47269,0.48163,0.48887,0.00221,0.00214,0.00222,0.00265,0.00795,0.00865,0.00799,0.00896,NA
2017-08-31,2017,243,NA,NA,NA,NA,NA,NA,NA,NA,NA,NA,NA,NA,NA,NA,NA,NA,NA,NA,NA,NA,NA,NA,NA,NA,NA,0,0,0,0,0.33258,0.33233,0.33375,0.33611,0.47425,0.47469,0.48496,0.49261,0.00214,0.00207,0.0022,0.00262,0.0077,0.00837,0.00773,0.00867,NA
2017-09-01,2017,244,NA,NA,NA,NA,NA,NA,NA,NA,NA,NA,NA,NA,NA,NA,NA,NA,NA,NA,NA,NA,NA,NA,NA,NA,NA,0,0,0,0,0.33085,0.33066,0.33236,0.33461,0.47719,0.47676,0.48834,0.49641,0.00214,0.00207,0.0022,0.00262,0.0077,0.00837,0.00773,0.00867,NA
2017-09-02,2017,245,66,grandrivergrass_2017_09_02_120008.jpg,123.38262,83.01848,47.24203,0.3273,0.48644,126.467,4.9859,85.59991,3.11054,48.56196,3.50657,0.32843,0.00381,0.32769,0.33163,0.33354,0.48533,0.01336,0.48471,0.49198,0.50339,57.17168,NA,0,0,0,0,0.32911,0.32898,0.33099,0.33315,0.48008,0.47882,0.49157,0.50005,0.00221,0.00214,0.00222,0.00265,0.00795,0.00865,0.00799,0.00896,NA
2017-09-03,2017,246,NA,NA,NA,NA,NA,NA,NA,NA,NA,NA,NA,NA,NA,NA,NA,NA,NA,NA,NA,NA,NA,NA,NA,NA,NA,0,0,0,0,0.32744,0.32736,0.32971,0.33177,0.48275,0.48076,0.49445,0.50331,0.00232,0.00225,0.00226,0.0027,0.00835,0.00908,0.00839,0.00941,NA
2017-09-04,2017,247,NA,NA,NA,NA,NA,NA,NA,NA,NA,NA,NA,NA,NA,NA,NA,NA,NA,NA,NA,NA,NA,NA,NA,NA,NA,0,0,0,0,0.32588,0.32586,0.32857,0.33054,0.48507,0.48248,0.49679,0.50597,0.00242,0.00235,0.0023,0.00275,0.00871,0.00948,0.00875,0.00982,NA
2017-09-05,2017,248,66,grandrivergrass_2017_09_05_120008.jpg,133.38079,92.12294,56.82319,0.3263,0.47243,131.4982,9.01448,87.00832,4.59132,49.44161,9.1109,0.32463,0.0077,0.32613,0.32746,0.32937,0.49139,0.03806,0.47892,0.51224,0.52299,56.05679,NA,0,0,0,0,0.3245,0.32454,0.32762,0.32954,0.48687,0.4839,0.49839,0.50782,0.00246,0.00239,0.00232,0.00277,0.00887,0.00964,0.0089,0.00999,NA
2017-09-06,2017,249,NA,NA,NA,NA,NA,NA,NA,NA,NA,NA,NA,NA,NA,NA,NA,NA,NA,NA,NA,NA,NA,NA,NA,NA,NA,0,0,0,0,0.32327,0.32334,0.32677,0.32864,0.48811,0.485,0.49918,0.50879,0.00242,0.00235,0.0023,0.00275,0.00871,0.00948,0.00875,0.00982,NA
2017-09-07,2017,250,NA,NA,NA,NA,NA,NA,NA,NA,NA,NA,NA,NA,NA,NA,NA,NA,NA,NA,NA,NA,NA,NA,NA,NA,NA,0,0,0,0,0.32212,0.32222,0.3259,0.32772,0.48888,0.48585,0.49931,0.50907,0.00232,0.00225,0.00226,0.0027,0.00835,0.00908,0.00839,0.00941,NA
2017-09-08,2017,251,66,grandrivergrass_2017_09_08_120008.jpg,127.35707,83.18466,50.65755,0.31847,0.48759,129.20148,5.23886,85.76707,4.77075,52.23625,5.32461,0.32095,0.0027,0.32076,0.32317,0.32436,0.48392,0.01215,0.48501,0.48851,0.49515,54.96514,NA,0,0,0,0,0.32106,0.32118,0.32503,0.3268,0.48924,0.48646,0.4989,0.50877,0.00221,0.00214,0.00222,0.00265,0.00795,0.00865,0.00799,0.00896,NA
2017-09-09,2017,252,NA,NA,NA,NA,NA,NA,NA,NA,NA,NA,NA,NA,NA,NA,NA,NA,NA,NA,NA,NA,NA,NA,NA,NA,NA,0,0,0,0,0.32012,0.32024,0.32417,0.32589,0.48922,0.48684,0.49805,0.50799,0.00214,0.00207,0.0022,0.00262,0.0077,0.00837,0.00773,0.00867,NA
2017-09-10,2017,253,NA,NA,NA,NA,NA,NA,NA,NA,NA,NA,NA,NA,NA,NA,NA,NA,NA,NA,NA,NA,NA,NA,NA,NA,NA,0,0,0,0,0.31931,0.31942,0.32335,0.32502,0.48889,0.48699,0.49688,0.50685,0.00214,0.00207,0.0022,0.00262,0.0077,0.00837,0.00773,0.00867,NA
2017-09-11,2017,254,66,grandrivergrass_2017_09_11_120007.jpg,125.38911,80.12905,48.24303,0.31577,0.49412,131.37484,6.04358,84.53647,4.10721,50.9267,4.39492,0.31678,0.00299,0.31693,0.31795,0.3195,0.49253,0.01432,0.4914,0.49908,0.50956,53.8561,NA,0,0,0,0,0.31863,0.31873,0.32257,0.3242,0.48829,0.48692,0.49551,0.50546,0.00221,0.00214,0.00222,0.00265,0.00795,0.00865,0.00799,0.00896,NA
2017-09-12,2017,255,NA,NA,NA,NA,NA,NA,NA,NA,NA,NA,NA,NA,NA,NA,NA,NA,NA,NA,NA,NA,NA,NA,NA,NA,NA,0,0,0,0,0.31811,0.3182,0.32187,0.32346,0.48748,0.48664,0.49404,0.50392,0.00232,0.00225,0.00226,0.0027,0.00835,0.00908,0.00839,0.00941,NA
2017-09-13,2017,256,NA,NA,NA,NA,NA,NA,NA,NA,NA,NA,NA,NA,NA,NA,NA,NA,NA,NA,NA,NA,NA,NA,NA,NA,NA,0,0,0,0,0.31777,0.31782,0.32126,0.32282,0.48649,0.48617,0.4926,0.50236,0.00242,0.00235,0.0023,0.00275,0.00871,0.00948,0.00875,0.00982,NA
2017-09-14,2017,257,64,grandrivergrass_2017_09_14_120007.jpg,134.37164,86.21719,53.03485,0.31509,0.49108,132.62111,4.66493,84.24559,3.72597,50.75634,3.89238,0.31476,0.00231,0.31523,0.31595,0.31678,0.49578,0.01069,0.49495,0.49951,0.51184,52.73281,NA,0,0,0,0,0.3176,0.31763,0.32076,0.32229,0.48538,0.4855,0.4913,0.50088,0.00246,0.00239,0.00232,0.00277,0.00887,0.00964,0.0089,0.00999,NA
2017-09-15,2017,258,NA,NA,NA,NA,NA,NA,NA,NA,NA,NA,NA,NA,NA,NA,NA,NA,NA,NA,NA,NA,NA,NA,NA,NA,NA,0,0,0,0,0.31768,0.31767,0.32042,0.32193,0.48409,0.48456,0.49009,0.49941,0.00242,0.00235,0.0023,0.00275,0.00871,0.00948,0.00875,0.00982,NA
2017-09-16,2017,259,NA,NA,NA,NA,NA,NA,NA,NA,NA,NA,NA,NA,NA,NA,NA,NA,NA,NA,NA,NA,NA,NA,NA,NA,NA,0,0,0,0,0.31798,0.31796,0.32024,0.32175,0.48257,0.48332,0.48888,0.49782,0.00232,0.00225,0.00226,0.0027,0.00835,0.00908,0.00839,0.00941,NA
2017-09-17,2017,260,63,grandrivergrass_2017_09_17_120009.jpg,128.81596,89.0075,59.3281,0.32115,0.46479,124.34299,5.07987,84.20959,2.91912,54.04735,3.61186,0.32068,0.00252,0.32016,0.32193,0.32471,0.47355,0.0124,0.47301,0.4802,0.48829,51.59734,NA,0,0,0,0,0.31844,0.31841,0.3202,0.32171,0.48091,0.48187,0.48767,0.49617,0.00221,0.00214,0.00222,0.00265,0.00795,0.00865,0.00799,0.00896,NA
2017-09-18,2017,261,NA,NA,NA,NA,NA,NA,NA,NA,NA,NA,NA,NA,NA,NA,NA,NA,NA,NA,NA,NA,NA,NA,NA,NA,NA,0,0,0,0,0.31901,0.31898,0.32025,0.32177,0.47916,0.48029,0.48648,0.49451,0.00214,0.00207,0.0022,0.00262,0.0077,0.00837,0.00773,0.00867,NA
2017-09-19,2017,262,NA,NA,NA,NA,NA,NA,NA,NA,NA,NA,NA,NA,NA,NA,NA,NA,NA,NA,NA,NA,NA,NA,NA,NA,NA,0,0,0,0,0.31961,0.31958,0.32035,0.32188,0.47742,0.47866,0.48534,0.49287,0.00214,0.00207,0.0022,0.00262,0.0077,0.00837,0.00773,0.00867,NA
2017-09-20,2017,263,46,grandrivergrass_2017_09_20_120009.jpg,118.44634,85.53317,59.92377,0.32411,0.44882,123.89807,9.40204,85.62897,4.8611,56.08607,5.78932,0.32236,0.0029,0.32246,0.3245,0.32554,0.46634,0.02188,0.4696,0.48023,0.48719,50.45208,NA,0,0,0,0,0.32019,0.32016,0.32047,0.32202,0.47575,0.47707,0.48427,0.49132,0.00221,0.00214,0.00222,0.00265,0.00795,0.00865,0.00799,0.00896,NA
2017-09-21,2017,264,NA,NA,NA,NA,NA,NA,NA,NA,NA,NA,NA,NA,NA,NA,NA,NA,NA,NA,NA,NA,NA,NA,NA,NA,NA,0,0,0,0,0.32067,0.32065,0.32057,0.32213,0.47422,0.47559,0.48327,0.4899,0.00232,0.00225,0.00226,0.0027,0.00835,0.00908,0.00839,0.00941,NA
2017-09-22,2017,265,NA,NA,NA,NA,NA,NA,NA,NA,NA,NA,NA,NA,NA,NA,NA,NA,NA,NA,NA,NA,NA,NA,NA,NA,NA,0,0,0,0,0.321,0.32098,0.32062,0.32218,0.47291,0.47432,0.48238,0.48866,0.00242,0.00235,0.0023,0.00275,0.00871,0.00948,0.00875,0.00982,NA
2017-09-23,2017,266,60,grandrivergrass_2017_09_23_120008.jpg,133.84384,89.88008,57.35497,0.31977,0.47618,129.21549,7.5435,86.20481,4.30074,54.17582,4.42891,0.31977,0.00203,0.31964,0.32046,0.32163,0.47928,0.01512,0.48097,0.4866,0.48999,49.30035,NA,0,0,0,0,0.32111,0.32109,0.32057,0.32213,0.4719,0.47333,0.48161,0.48765,0.00246,0.00239,0.00232,0.00277,0.00887,0.00964,0.0089,0.00999,NA
2017-09-24,2017,267,NA,NA,NA,NA,NA,NA,NA,NA,NA,NA,NA,NA,NA,NA,NA,NA,NA,NA,NA,NA,NA,NA,NA,NA,NA,0,0,0,0,0.32101,0.321,0.3205,0.32206,0.47113,0.47254,0.48089,0.48684,0.00242,0.00235,0.0023,0.00275,0.00871,0.00948,0.00875,0.00982,NA
2017-09-25,2017,268,NA,NA,NA,NA,NA,NA,NA,NA,NA,NA,NA,NA,NA,NA,NA,NA,NA,NA,NA,NA,NA,NA,NA,NA,NA,0,0,0,0,0.32081,0.32079,0.32051,0.32206,0.47046,0.4718,0.48016,0.48614,0.00232,0.00225,0.00226,0.0027,0.00835,0.00908,0.00839,0.00941,NA
2017-09-26,2017,269,60,grandrivergrass_2017_09_26_120007.jpg,122.28922,83.18557,52.57978,0.32236,0.47389,125.31419,6.71043,85.91887,3.22176,55.81603,4.84445,0.32174,0.00279,0.32202,0.32346,0.32545,0.46927,0.01851,0.4685,0.47955,0.48988,48.14413,NA,0,0,0,0,0.32051,0.32049,0.32058,0.3221,0.4699,0.47111,0.47943,0.48553,0.00221,0.00214,0.00222,0.00265,0.00795,0.00865,0.00799,0.00896,NA
2017-09-27,2017,270,NA,NA,NA,NA,NA,NA,NA,NA,NA,NA,NA,NA,NA,NA,NA,NA,NA,NA,NA,NA,NA,NA,NA,NA,NA,0,0,0,0,0.32015,0.32013,0.32067,0.32218,0.4694,0.47047,0.47872,0.485,0.00214,0.00207,0.0022,0.00262,0.0077,0.00837,0.00773,0.00867,NA
2017-09-28,2017,271,NA,NA,NA,NA,NA,NA,NA,NA,NA,NA,NA,NA,NA,NA,NA,NA,NA,NA,NA,NA,NA,NA,NA,NA,NA,0,0,0,0,0.31976,0.31973,0.32076,0.32225,0.46895,0.46987,0.47802,0.48452,0.00214,0.00207,0.0022,0.00262,0.0077,0.00837,0.00773,0.00867,NA
2017-09-29,2017,272,60,grandrivergrass_2017_09_29_120008.jpg,132.34406,88.8597,59.1273,0.31698,0.4721,129.17511,6.33147,86.35037,3.68847,56.40812,4.64003,0.31754,0.00197,0.31743,0.31858,0.32034,0.47511,0.01476,0.47689,0.48115,0.48385,46.98689,NA,0,0,0,0,0.31936,0.31932,0.32082,0.3223,0.46853,0.46931,0.47734,0.48406,0.00221,0.00214,0.00222,0.00265,0.00795,0.00865,0.00799,0.00896,NA
2017-09-30,2017,273,NA,NA,NA,NA,NA,NA,NA,NA,NA,NA,NA,NA,NA,NA,NA,NA,NA,NA,NA,NA,NA,NA,NA,NA,NA,0,0,0,0,0.31898,0.31893,0.32084,0.32231,0.46811,0.46879,0.47671,0.4836,0.00232,0.00225,0.00226,0.0027,0.00835,0.00908,0.00839,0.00941,NA
2017-10-01,2017,274,NA,NA,NA,NA,NA,NA,NA,NA,NA,NA,NA,NA,NA,NA,NA,NA,NA,NA,NA,NA,NA,NA,NA,NA,NA,0,0,0,0,0.31865,0.31858,0.32079,0.32225,0.46767,0.46831,0.47612,0.48312,0.00242,0.00235,0.0023,0.00275,0.00871,0.00948,0.00875,0.00982,NA
2017-10-02,2017,275,54,grandrivergrass_2017_10_02_120009.jpg,110.50873,81.92932,63.28891,0.32038,0.43214,124.93377,6.90585,84.97611,3.31076,58.48075,4.69281,0.31662,0.0028,0.31685,0.3186,0.32024,0.46549,0.01815,0.46517,0.47842,0.4884,45.83089,NA,0,0,0,0,0.31839,0.3183,0.32064,0.32209,0.46719,0.46785,0.47558,0.4826,0.00246,0.00239,0.00232,0.00277,0.00887,0.00964,0.0089,0.00999,NA
2017-10-03,2017,276,NA,NA,NA,NA,NA,NA,NA,NA,NA,NA,NA,NA,NA,NA,NA,NA,NA,NA,NA,NA,NA,NA,NA,NA,NA,0,0,0,0,0.31819,0.31809,0.32039,0.32185,0.46679,0.46751,0.47518,0.48211,0.00242,0.00235,0.0023,0.00275,0.00871,0.00948,0.00875,0.00982,NA
2017-10-04,2017,277,NA,NA,NA,NA,NA,NA,NA,NA,NA,NA,NA,NA,NA,NA,NA,NA,NA,NA,NA,NA,NA,NA,NA,NA,NA,0,0,0,0,0.31801,0.3179,0.32009,0.32155,0.46657,0.46738,0.47496,0.48174,0.00232,0.00225,0.00226,0.0027,0.00835,0.00908,0.00839,0.00941,NA
2017-10-05,2017,278,57,grandrivergrass_2017_10_05_120008.jpg,120.04368,84.98302,58.74359,0.32219,0.45511,121.28267,3.987,84.08549,2.63022,57.41756,3.70187,0.31999,0.00302,0.31941,0.32219,0.32331,0.46165,0.01169,0.46187,0.46712,0.47372,44.67945,NA,0,0,0,0,0.31784,0.31771,0.31973,0.3212,0.46652,0.46744,0.47491,0.48148,0.00221,0.00214,0.00222,0.00265,0.00795,0.00865,0.00799,0.00896,NA
2017-10-06,2017,279,NA,NA,NA,NA,NA,NA,NA,NA,NA,NA,NA,NA,NA,NA,NA,NA,NA,NA,NA,NA,NA,NA,NA,NA,NA,0,0,0,0,0.31767,0.31752,0.31935,0.32082,0.46663,0.46766,0.47502,0.48135,0.00214,0.00207,0.0022,0.00262,0.0077,0.00837,0.00773,0.00867,NA
2017-10-07,2017,280,NA,NA,NA,NA,NA,NA,NA,NA,NA,NA,NA,NA,NA,NA,NA,NA,NA,NA,NA,NA,NA,NA,NA,NA,NA,0,0,0,0,0.31748,0.31731,0.31894,0.32043,0.46687,0.46805,0.47529,0.48134,0.00214,0.00207,0.0022,0.00262,0.0077,0.00837,0.00773,0.00867,NA
2017-10-08,2017,281,57,grandrivergrass_2017_10_08_120009.jpg,125.24452,83.55898,55.41818,0.31625,0.47401,125.21249,6.12001,85.03674,3.62149,57.46612,4.39177,0.31765,0.00203,0.31746,0.3191,0.32044,0.46778,0.01357,0.47238,0.47638,0.48128,43.53499,NA,0,0,0,0,0.31725,0.31707,0.31852,0.32002,0.46723,0.46857,0.47569,0.48145,0.00221,0.00214,0.00222,0.00265,0.00795,0.00865,0.00799,0.00896,NA
2017-10-09,2017,282,NA,NA,NA,NA,NA,NA,NA,NA,NA,NA,NA,NA,NA,NA,NA,NA,NA,NA,NA,NA,NA,NA,NA,NA,NA,0,0,0,0,0.31698,0.31678,0.3181,0.31961,0.46768,0.46921,0.47622,0.4817,0.00232,0.00225,0.00226,0.0027,0.00835,0.00908,0.00839,0.00941,NA
2017-10-10,2017,283,NA,NA,NA,NA,NA,NA,NA,NA,NA,NA,NA,NA,NA,NA,NA,NA,NA,NA,NA,NA,NA,NA,NA,NA,NA,0,0,0,0,0.31665,0.31642,0.3177,0.31922,0.46821,0.46995,0.47687,0.48209,0.00242,0.00235,0.0023,0.00275,0.00871,0.00948,0.00875,0.00982,NA
2017-10-11,2017,284,57,grandrivergrass_2017_10_11_120009.jpg,143.90647,95.35141,63.77381,0.31466,0.47489,124.62739,6.43533,84.63678,4.27357,58.47541,4.34589,0.31609,0.00266,0.31627,0.31829,0.31919,0.46559,0.01286,0.46481,0.47671,0.48242,42.40032,NA,0,0,0,0,0.31625,0.31599,0.31733,0.31885,0.46881,0.47078,0.47762,0.48261,0.00246,0.00239,0.00232,0.00277,0.00887,0.00964,0.0089,0.00999,NA
2017-10-12,2017,285,NA,NA,NA,NA,NA,NA,NA,NA,NA,NA,NA,NA,NA,NA,NA,NA,NA,NA,NA,NA,NA,NA,NA,NA,NA,0,0,0,0,0.31577,0.31548,0.31696,0.31847,0.46945,0.4717,0.4785,0.48332,0.00242,0.00235,0.0023,0.00275,0.00871,0.00948,0.00875,0.00982,NA
2017-10-13,2017,286,NA,NA,NA,NA,NA,NA,NA,NA,NA,NA,NA,NA,NA,NA,NA,NA,NA,NA,NA,NA,NA,NA,NA,NA,NA,0,0,0,0,0.31524,0.3149,0.31657,0.31806,0.47013,0.47266,0.47952,0.48421,0.00232,0.00225,0.00226,0.0027,0.00835,0.00908,0.00839,0.00941,NA
2017-10-14,2017,287,40,grandrivergrass_2017_10_14_120007.jpg,116.55158,79.26564,55.68481,0.31517,0.46342,125.47559,6.66445,83.22053,3.93843,55.98363,5.34719,0.31441,0.0027,0.31381,0.31578,0.31752,0.47423,0.01709,0.47778,0.48373,0.4884,40.90777,NA,0,0,0,0,0.31467,0.31429,0.31615,0.31763,0.4708,0.47363,0.4806,0.48521,0.00221,0.00214,0.00222,0.00265,0.00795,0.00865,0.00799,0.00896,NA
2017-10-15,2017,288,NA,NA,NA,NA,NA,NA,NA,NA,NA,NA,NA,NA,NA,NA,NA,NA,NA,NA,NA,NA,NA,NA,NA,NA,NA,0,0,0,0,0.31408,0.31366,0.31571,0.31718,0.47142,0.47452,0.48168,0.48625,0.00214,0.00207,0.0022,0.00262,0.0077,0.00837,0.00773,0.00867,NA
2017-10-16,2017,289,NA,NA,NA,NA,NA,NA,NA,NA,NA,NA,NA,NA,NA,NA,NA,NA,NA,NA,NA,NA,NA,NA,NA,NA,NA,0,0,0,0,0.31349,0.31302,0.31527,0.31672,0.47194,0.4753,0.48269,0.48724,0.00214,0.00207,0.0022,0.00262,0.0077,0.00837,0.00773,0.00867,NA
2017-10-17,2017,290,56,grandrivergrass_2017_10_17_120008.jpg,129.87168,84.25689,56.95987,0.31081,0.47907,128.19073,5.62404,84.0586,5.06915,57.2199,5.67514,0.31188,0.00241,0.31142,0.31228,0.31435,0.47618,0.01295,0.47926,0.48357,0.48676,40.17222,NA,0,0,0,0,0.31291,0.31241,0.31483,0.31626,0.47233,0.47591,0.48357,0.48813,0.00221,0.00214,0.00222,0.00265,0.00795,0.00865,0.00799,0.00896,NA
2017-10-18,2017,291,NA,NA,NA,NA,NA,NA,NA,NA,NA,NA,NA,NA,NA,NA,NA,NA,NA,NA,NA,NA,NA,NA,NA,NA,NA,0,0,0,0,0.31236,0.31183,0.31439,0.31581,0.47253,0.47628,0.48425,0.48884,0.00232,0.00225,0.00226,0.0027,0.00835,0.00908,0.00839,0.00941,NA
2017-10-19,2017,292,NA,NA,NA,NA,NA,NA,NA,NA,NA,NA,NA,NA,NA,NA,NA,NA,NA,NA,NA,NA,NA,NA,NA,NA,NA,0,0,0,0,0.31186,0.31131,0.31397,0.31537,0.47251,0.47636,0.48466,0.48929,0.00242,0.00235,0.0023,0.00275,0.00871,0.00948,0.00875,0.00982,NA
2017-10-20,2017,293,52,grandrivergrass_2017_10_20_120008.jpg,128.77616,80.32107,52.51978,0.30702,0.49223,127.2342,6.36512,83.47739,4.2171,57.8408,5.55958,0.31079,0.00322,0.30987,0.31439,0.31543,0.47406,0.01837,0.48112,0.49011,0.49382,39.08494,NA,0,0,0,0,0.31143,0.31087,0.31356,0.31497,0.47223,0.47609,0.48473,0.48941,0.00246,0.00239,0.00232,0.00277,0.00887,0.00964,0.0089,0.00999,NA
2017-10-21,2017,294,NA,NA,NA,NA,NA,NA,NA,NA,NA,NA,NA,NA,NA,NA,NA,NA,NA,NA,NA,NA,NA,NA,NA,NA,NA,0,0,0,0,0.31104,0.3105,0.31315,0.31454,0.4717,0.47548,0.48447,0.48922,0.00243,0.00236,0.0023,0.00275,0.00875,0.00952,0.00879,0.00986,NA
2017-10-22,2017,295,NA,NA,NA,NA,NA,NA,NA,NA,NA,NA,NA,NA,NA,NA,NA,NA,NA,NA,NA,NA,NA,NA,NA,NA,NA,0,0,0,0,0.31068,0.31017,0.3127,0.31406,0.471,0.47461,0.48395,0.48883,0.00235,0.00228,0.00227,0.00271,0.00845,0.00919,0.00849,0.00952,NA
2017-10-23,2017,296,50,grandrivergrass_2017_10_23_120009.jpg,124.5067,87.03581,64.56487,0.31522,0.45094,127.52036,6.89394,85.07564,4.35215,60.76566,6.14711,0.31116,0.00282,0.31076,0.31251,0.31527,0.46672,0.02001,0.47207,0.47869,0.48619,38.01971,NA,0,0,0,0,0.31033,0.30988,0.31224,0.31356,0.47019,0.47352,0.48323,0.48828,0.00223,0.00217,0.00226,0.0027,0.00804,0.00875,0.00808,0.00906,NA
2017-10-24,2017,297,NA,NA,NA,NA,NA,NA,NA,NA,NA,NA,NA,NA,NA,NA,NA,NA,NA,NA,NA,NA,NA,NA,NA,NA,NA,0,0,0,0,0.30999,0.30963,0.31178,0.31306,0.46929,0.47228,0.48236,0.48761,0.00212,0.00205,0.00227,0.00271,0.00763,0.0083,0.00766,0.0086,NA
2017-10-25,2017,298,NA,NA,NA,NA,NA,NA,NA,NA,NA,NA,NA,NA,NA,NA,NA,NA,NA,NA,NA,NA,NA,NA,NA,NA,NA,0,0,0,0,0.30966,0.30939,0.31134,0.31261,0.46836,0.47095,0.48139,0.48689,0.00203,0.00197,0.0023,0.00275,0.00732,0.00796,0.00735,0.00825,NA
2017-10-26,2017,299,34,grandrivergrass_2017_10_26_120009.jpg,130.65259,84.05861,58.23653,0.30797,0.47867,127.67168,6.14501,85.62269,3.47711,62.6506,4.36768,0.31026,0.00175,0.31056,0.31123,0.31211,0.4627,0.01468,0.45681,0.47862,0.48355,36.63931,NA,0,0,0,0,0.30934,0.30917,0.31094,0.31223,0.46742,0.46958,0.48039,0.48614,0.002,0.00194,0.00232,0.00277,0.00721,0.00784,0.00724,0.00812,NA
2017-10-27,2017,300,NA,NA,NA,NA,NA,NA,NA,NA,NA,NA,NA,NA,NA,NA,NA,NA,NA,NA,NA,NA,NA,NA,NA,NA,NA,0,0,0,0,0.30902,0.30896,0.31054,0.31186,0.46653,0.46823,0.4794,0.48543,0.00203,0.00197,0.0023,0.00275,0.00732,0.00796,0.00735,0.00825,NA
2017-10-28,2017,301,NA,NA,NA,NA,NA,NA,NA,NA,NA,NA,NA,NA,NA,NA,NA,NA,NA,NA,NA,NA,NA,NA,NA,NA,NA,0,0,0,0,0.3087,0.30874,0.3101,0.31145,0.46572,0.46696,0.47848,0.4848,0.00212,0.00205,0.00227,0.00271,0.00763,0.0083,0.00766,0.0086,NA
2017-10-29,2017,302,19,grandrivergrass_2017_10_29_080007.jpg,118.24131,84.89693,70.05333,0.31076,0.43281,128.22205,6.33598,84.274,4.53274,61.41672,6.50712,0.30759,0.00248,0.30635,0.3101,0.31086,0.46851,0.0199,0.47718,0.48378,0.48793,35.96834,NA,0,0,0,0,0.30838,0.30852,0.30964,0.31103,0.46504,0.46584,0.47769,0.4843,0.00223,0.00217,0.00226,0.0027,0.00804,0.00875,0.00808,0.00906,NA
2017-10-30,2017,303,NA,NA,NA,NA,NA,NA,NA,NA,NA,NA,NA,NA,NA,NA,NA,NA,NA,NA,NA,NA,NA,NA,NA,NA,NA,0,0,0,0,0.30805,0.30828,0.3092,0.31064,0.46452,0.4649,0.47707,0.48397,0.00235,0.00228,0.00227,0.00271,0.00845,0.00919,0.00849,0.00952,NA
2017-10-31,2017,304,NA,NA,NA,NA,NA,NA,NA,NA,NA,NA,NA,NA,NA,NA,NA,NA,NA,NA,NA,NA,NA,NA,NA,NA,NA,0,0,0,0,0.30771,0.30802,0.30882,0.31031,0.46421,0.46422,0.47669,0.48386,0.00243,0.00236,0.0023,0.00275,0.00875,0.00952,0.00879,0.00986,NA
2017-11-01,2017,305,51,grandrivergrass_2017_11_01_120007.jpg,132.92724,86.15845,61.73228,0.30681,0.47336,125.05372,3.6403,83.327,2.13291,63.04927,4.1606,0.30697,0.00262,0.30758,0.30853,0.30973,0.46086,0.0146,0.46126,0.46707,0.47361,34.98857,NA,0,0,0,0,0.30737,0.30772,0.30851,0.31007,0.46415,0.46385,0.47659,0.48403,0.00246,0.00239,0.00232,0.00277,0.00887,0.00964,0.0089,0.00999,NA
2017-11-02,2017,306,NA,NA,NA,NA,NA,NA,NA,NA,NA,NA,NA,NA,NA,NA,NA,NA,NA,NA,NA,NA,NA,NA,NA,NA,NA,0,0,0,0,0.30698,0.30736,0.30827,0.30994,0.46438,0.46385,0.47685,0.48451,0.00242,0.00235,0.0023,0.00275,0.00871,0.00948,0.00875,0.00982,NA
2017-11-03,2017,307,NA,NA,NA,NA,NA,NA,NA,NA,NA,NA,NA,NA,NA,NA,NA,NA,NA,NA,NA,NA,NA,NA,NA,NA,NA,0,0,0,0,0.30655,0.30692,0.30806,0.30988,0.46487,0.46417,0.47743,0.48526,0.00232,0.00225,0.00226,0.0027,0.00835,0.00908,0.00839,0.00941,NA
2017-11-04,2017,308,51,grandrivergrass_2017_11_04_120007.jpg,127.74674,86.42336,65.6116,0.3089,0.45659,126.31206,5.18199,82.90089,2.35597,61.02624,4.7195,0.30675,0.00312,0.30792,0.30861,0.30982,0.46751,0.01812,0.46225,0.48549,0.49388,34.04355,NA,0,0,0,0,0.30608,0.30643,0.30787,0.30987,0.46554,0.46476,0.47826,0.48623,0.00221,0.00214,0.00222,0.00265,0.00795,0.00865,0.00799,0.00896,NA
2017-11-05,2017,309,NA,NA,NA,NA,NA,NA,NA,NA,NA,NA,NA,NA,NA,NA,NA,NA,NA,NA,NA,NA,NA,NA,NA,NA,NA,0,0,0,0,0.30561,0.3059,0.30771,0.30991,0.46634,0.46557,0.47929,0.48732,0.00214,0.00207,0.0022,0.00262,0.0077,0.00837,0.00773,0.00867,NA
2017-11-06,2017,310,NA,NA,NA,NA,NA,NA,NA,NA,NA,NA,NA,NA,NA,NA,NA,NA,NA,NA,NA,NA,NA,NA,NA,NA,NA,0,0,0,0,0.30514,0.30535,0.30758,0.30997,0.46721,0.46652,0.48043,0.48849,0.00214,0.00207,0.0022,0.00262,0.0077,0.00837,0.00773,0.00867,NA
2017-11-07,2017,311,35,grandrivergrass_2017_11_07_120008.jpg,125.56098,81.40682,59.95923,0.30498,0.47039,127.0229,7.30519,83.41024,3.56828,62.70925,6.25886,0.30533,0.00276,0.3057,0.30671,0.30788,0.46516,0.02247,0.46429,0.47404,0.48859,33.13613,NA,0,0,0,0,0.3047,0.30482,0.30746,0.31005,0.46806,0.46755,0.48161,0.48964,0.00221,0.00214,0.00222,0.00265,0.00795,0.00865,0.00799,0.00896,NA
2017-11-08,2017,312,NA,NA,NA,NA,NA,NA,NA,NA,NA,NA,NA,NA,NA,NA,NA,NA,NA,NA,NA,NA,NA,NA,NA,NA,NA,0,0,0,0,0.30431,0.30431,0.30737,0.31013,0.46885,0.4686,0.48278,0.49073,0.00232,0.00225,0.00226,0.0027,0.00835,0.00908,0.00839,0.00941,NA
2017-11-09,2017,313,NA,NA,NA,NA,NA,NA,NA,NA,NA,NA,NA,NA,NA,NA,NA,NA,NA,NA,NA,NA,NA,NA,NA,NA,NA,0,0,0,0,0.30397,0.30384,0.30729,0.3102,0.46951,0.46961,0.48385,0.49166,0.00242,0.00235,0.0023,0.00275,0.00871,0.00948,0.00875,0.00982,NA
2017-11-10,2017,314,31,grandrivergrass_2017_11_10_120008.jpg,124.77887,83.64143,65.39697,0.30546,0.4557,127.01529,5.68039,83.17389,4.40287,62.00011,5.95096,0.30548,0.00382,0.30516,0.30641,0.31217,0.467,0.01871,0.46521,0.48555,0.48984,32.26917,NA,0,0,0,0,0.30373,0.30345,0.30723,0.31025,0.46997,0.47052,0.48477,0.49238,0.00246,0.00239,0.00232,0.00277,0.00887,0.00964,0.0089,0.00999,NA
2017-11-11,2017,315,NA,NA,NA,NA,NA,NA,NA,NA,NA,NA,NA,NA,NA,NA,NA,NA,NA,NA,NA,NA,NA,NA,NA,NA,NA,0,0,0,0,0.3036,0.30317,0.30723,0.31034,0.47015,0.47121,0.4855,0.49285,0.00242,0.00235,0.0023,0.00275,0.00871,0.00948,0.00875,0.00982,NA
2017-11-12,2017,316,NA,NA,NA,NA,NA,NA,NA,NA,NA,NA,NA,NA,NA,NA,NA,NA,NA,NA,NA,NA,NA,NA,NA,NA,NA,0,0,0,0,0.30361,0.30301,0.30732,0.31053,0.47004,0.47162,0.48609,0.49312,0.00232,0.00225,0.00226,0.0027,0.00835,0.00908,0.00839,0.00941,NA
2017-11-13,2017,317,45,grandrivergrass_2017_11_13_120007.jpg,125.3212,77.74472,57.34071,0.29855,0.48125,124.17133,5.50438,78.03088,3.9285,58.12042,6.93597,0.29965,0.00318,0.29855,0.30279,0.30409,0.47749,0.02203,0.48125,0.49063,0.49497,31.44553,NA,0,0,0,0,0.30372,0.30296,0.30748,0.31079,0.46971,0.47179,0.48656,0.49324,0.00221,0.00214,0.00222,0.00265,0.00795,0.00865,0.00799,0.00896,NA
2017-11-14,2017,318,NA,NA,NA,NA,NA,NA,NA,NA,NA,NA,NA,NA,NA,NA,NA,NA,NA,NA,NA,NA,NA,NA,NA,NA,NA,0,0,0,0,0.3039,0.30298,0.30768,0.31109,0.46924,0.47177,0.48693,0.49326,0.00214,0.00207,0.0022,0.00262,0.0077,0.00837,0.00773,0.00867,NA
2017-11-15,2017,319,NA,NA,NA,NA,NA,NA,NA,NA,NA,NA,NA,NA,NA,NA,NA,NA,NA,NA,NA,NA,NA,NA,NA,NA,NA,0,0,0,0,0.30413,0.30308,0.3079,0.31139,0.46868,0.47159,0.48724,0.49322,0.00214,0.00207,0.0022,0.00262,0.0077,0.00837,0.00773,0.00867,NA
2017-11-16,2017,320,30,grandrivergrass_2017_11_15_153006.jpg,128.89448,77.61845,51.30709,0.30106,0.49994,124.34923,6.27067,80.68384,4.59464,59.97714,6.21151,0.30431,0.00641,0.30246,0.30844,0.31456,0.46964,0.02334,0.48017,0.48982,0.49527,30.66809,NA,0,0,0,0,0.30439,0.30321,0.30809,0.31168,0.46811,0.47129,0.4875,0.49319,0.00221,0.00214,0.00222,0.00265,0.00795,0.00865,0.00799,0.00896,NA
2017-11-17,2017,321,NA,NA,NA,NA,NA,NA,NA,NA,NA,NA,NA,NA,NA,NA,NA,NA,NA,NA,NA,NA,NA,NA,NA,NA,NA,0,0,0,0,0.30463,0.30336,0.30825,0.31191,0.46759,0.47092,0.48774,0.49321,0.00232,0.00225,0.00226,0.0027,0.00835,0.00908,0.00839,0.00941,NA
2017-11-18,2017,322,NA,NA,NA,NA,NA,NA,NA,NA,NA,NA,NA,NA,NA,NA,NA,NA,NA,NA,NA,NA,NA,NA,NA,NA,NA,0,0,0,0,0.30484,0.30351,0.30834,0.31205,0.4672,0.47052,0.48798,0.49333,0.00242,0.00235,0.0023,0.00275,0.00871,0.00948,0.00875,0.00982,NA
2017-11-19,2017,323,30,grandrivergrass_2017_11_18_153007.jpg,109.54888,81.76625,72.35431,0.31011,0.41548,126.79427,7.73832,82.91223,3.61834,62.01586,4.91166,0.30513,0.00612,0.3036,0.30996,0.315,0.4666,0.02189,0.47108,0.4852,0.49176,29.93968,NA,0,0,0,0,0.30498,0.30364,0.30833,0.31208,0.46698,0.47012,0.48825,0.49361,0.00246,0.00239,0.00232,0.00277,0.00887,0.00964,0.0089,0.00999,NA
2017-11-20,2017,324,NA,NA,NA,NA,NA,NA,NA,NA,NA,NA,NA,NA,NA,NA,NA,NA,NA,NA,NA,NA,NA,NA,NA,NA,NA,0,0,0,0,0.30505,0.30373,0.30827,0.31202,0.4671,0.46989,0.48861,0.49411,0.00242,0.00235,0.0023,0.00275,0.00871,0.00948,0.00875,0.00982,NA
2017-11-21,2017,325,NA,NA,NA,NA,NA,NA,NA,NA,NA,NA,NA,NA,NA,NA,NA,NA,NA,NA,NA,NA,NA,NA,NA,NA,NA,0,0,0,0,0.30504,0.30376,0.30821,0.31194,0.46759,0.46995,0.4891,0.49484,0.00232,0.00225,0.00226,0.0027,0.00835,0.00908,0.00839,0.00941,NA
2017-11-22,2017,326,18,grandrivergrass_2017_11_23_083006.jpg,132.10213,84.25807,59.95866,0.30493,0.47808,127.56772,8.49358,84.52526,5.00842,63.49406,6.80248,0.3067,0.0051,0.30549,0.31139,0.31451,0.46312,0.02307,0.46088,0.48666,0.49244,28.84188,NA,0,0,0,0,0.30497,0.30374,0.30814,0.31183,0.46835,0.47022,0.48964,0.4957,0.00221,0.00214,0.00222,0.00265,0.00795,0.00865,0.00799,0.00896,NA
2017-11-23,2017,327,NA,NA,NA,NA,NA,NA,NA,NA,NA,NA,NA,NA,NA,NA,NA,NA,NA,NA,NA,NA,NA,NA,NA,NA,NA,0,0,0,0,0.30484,0.30367,0.30807,0.31169,0.46928,0.47065,0.4902,0.49662,0.00214,0.00207,0.0022,0.00262,0.0077,0.00837,0.00773,0.00867,NA
2017-11-24,2017,328,NA,NA,NA,NA,NA,NA,NA,NA,NA,NA,NA,NA,NA,NA,NA,NA,NA,NA,NA,NA,NA,NA,NA,NA,NA,0,0,0,0,0.30466,0.30354,0.30798,0.31152,0.47028,0.47119,0.49072,0.49753,0.00214,0.00207,0.0022,0.00262,0.0077,0.00837,0.00773,0.00867,NA
2017-11-25,2017,329,15,grandrivergrass_2017_11_24_153006.jpg,127.14941,80.17024,58.70996,0.30136,0.47795,122.13931,8.79969,80.59513,5.16734,60.05684,6.37244,0.30663,0.00658,0.30654,0.31361,0.31459,0.46496,0.02537,0.45985,0.49249,0.49786,28.64062,NA,0,0,0,0,0.30444,0.30337,0.30788,0.31133,0.47127,0.47179,0.49115,0.49833,0.00221,0.00214,0.00222,0.00265,0.00795,0.00865,0.00799,0.00896,NA
2017-11-26,2017,330,NA,NA,NA,NA,NA,NA,NA,NA,NA,NA,NA,NA,NA,NA,NA,NA,NA,NA,NA,NA,NA,NA,NA,NA,NA,0,0,0,0,0.30418,0.30315,0.30775,0.31111,0.47214,0.47238,0.49143,0.49895,0.00232,0.00225,0.00226,0.0027,0.00835,0.00908,0.00839,0.00941,NA
2017-11-27,2017,331,NA,NA,NA,NA,NA,NA,NA,NA,NA,NA,NA,NA,NA,NA,NA,NA,NA,NA,NA,NA,NA,NA,NA,NA,NA,0,0,0,0,0.30389,0.30289,0.30759,0.31086,0.4728,0.47291,0.49152,0.49931,0.00242,0.00235,0.0023,0.00275,0.00871,0.00948,0.00875,0.00982,NA
2017-11-28,2017,332,45,grandrivergrass_2017_11_28_120008.jpg,129.83415,84.42707,62.28067,0.3053,0.46949,130.40866,4.91236,82.5503,3.6912,60.96357,5.91611,0.30129,0.00287,0.30101,0.3023,0.30424,0.47645,0.01852,0.47714,0.48985,0.49913,28.07503,NA,0,0,0,0,0.30358,0.30257,0.3074,0.31059,0.47316,0.47333,0.49136,0.49933,0.00246,0.00239,0.00232,0.00277,0.00887,0.00964,0.0089,0.00999,NA
2017-11-29,2017,333,NA,NA,NA,NA,NA,NA,NA,NA,NA,NA,NA,NA,NA,NA,NA,NA,NA,NA,NA,NA,NA,NA,NA,NA,NA,0,0,0,0,0.30328,0.30223,0.30711,0.31022,0.473,0.47343,0.49079,0.4988,0.00242,0.00235,0.0023,0.00275,0.00871,0.00948,0.00875,0.00982,NA
2017-11-30,2017,334,NA,NA,NA,NA,NA,NA,NA,NA,NA,NA,NA,NA,NA,NA,NA,NA,NA,NA,NA,NA,NA,NA,NA,NA,NA,0,0,0,0,0.303,0.30188,0.3067,0.30971,0.47228,0.47312,0.48974,0.49766,0.00232,0.00225,0.00226,0.0027,0.00835,0.00908,0.00839,0.00941,NA
2017-12-01,2017,335,15,grandrivergrass_2017_12_02_090006.jpg,127.84823,77.4324,53.27974,0.29948,0.49446,127.50056,8.48579,80.2709,4.97374,57.5683,6.31723,0.30248,0.00613,0.29913,0.30744,0.31235,0.48075,0.02437,0.49173,0.4999,0.50489,27.26447,NA,0,0,0,0,0.30274,0.30152,0.3062,0.30909,0.47114,0.47252,0.48835,0.49608,0.00221,0.00214,0.00222,0.00265,0.00795,0.00865,0.00799,0.00896,NA
2017-12-02,2017,336,NA,NA,NA,NA,NA,NA,NA,NA,NA,NA,NA,NA,NA,NA,NA,NA,NA,NA,NA,NA,NA,NA,NA,NA,NA,0,0,0,0,0.30249,0.30117,0.30565,0.30841,0.46972,0.47171,0.48675,0.49421,0.00214,0.00207,0.00219,0.00262,0.0077,0.00837,0.00773,0.00867,NA
2017-12-03,2017,337,NA,NA,NA,NA,NA,NA,NA,NA,NA,NA,NA,NA,NA,NA,NA,NA,NA,NA,NA,NA,NA,NA,NA,NA,NA,0,0,0,0,0.30225,0.30082,0.30507,0.30771,0.46818,0.4708,0.48508,0.49222,0.00214,0.00207,0.00219,0.00262,0.0077,0.00837,0.00773,0.00867,NA
2017-12-04,2017,338,21,grandrivergrass_2017_12_04_120008.jpg,130.46499,85.86153,68.94166,0.30099,0.45734,131.87104,6.62692,84.48028,3.45795,63.75818,4.06043,0.30155,0.00243,0.30099,0.30188,0.30618,0.47072,0.01452,0.46739,0.47644,0.49187,27.12291,NA,0,0,0,0,0.30201,0.30048,0.3045,0.30702,0.46663,0.46989,0.48345,0.49027,0.00221,0.00214,0.00222,0.00265,0.00795,0.00865,0.00799,0.00896,NA
2017-12-05,2017,339,NA,NA,NA,NA,NA,NA,NA,NA,NA,NA,NA,NA,NA,NA,NA,NA,NA,NA,NA,NA,NA,NA,NA,NA,NA,0,0,0,0,0.30176,0.30017,0.30398,0.30639,0.46524,0.46908,0.482,0.4885,0.00232,0.00225,0.00226,0.0027,0.00835,0.00908,0.00839,0.00941,NA
2017-12-06,2017,340,NA,NA,NA,NA,NA,NA,NA,NA,NA,NA,NA,NA,NA,NA,NA,NA,NA,NA,NA,NA,NA,NA,NA,NA,NA,0,0,0,0,0.3015,0.29988,0.30354,0.30585,0.46414,0.46847,0.48087,0.4871,0.00242,0.00235,0.0023,0.00275,0.00871,0.00948,0.00875,0.00982,NA
2017-12-07,2017,341,14,grandrivergrass_2017_12_06_153006.jpg,108.77038,78.52673,74.27833,0.30021,0.41583,123.14394,7.91242,81.61642,4.55463,66.72938,7.98516,0.30058,0.00192,0.30039,0.30081,0.30248,0.45391,0.02382,0.45633,0.47772,0.47932,26.73997,NA,0,0,0,0,0.30121,0.29962,0.30321,0.30544,0.46347,0.46818,0.48018,0.48621,0.00246,0.00239,0.00232,0.00277,0.00887,0.00964,0.0089,0.00999,NA
2017-12-08,2017,342,NA,NA,NA,NA,NA,NA,NA,NA,NA,NA,NA,NA,NA,NA,NA,NA,NA,NA,NA,NA,NA,NA,NA,NA,NA,0,0,0,0,0.30083,0.29932,0.30297,0.30512,0.46398,0.46902,0.48066,0.48659,0.00242,0.00235,0.0023,0.00275,0.00871,0.00948,0.00875,0.00982,NA
2017-12-09,2017,343,NA,NA,NA,NA,NA,NA,NA,NA,NA,NA,NA,NA,NA,NA,NA,NA,NA,NA,NA,NA,NA,NA,NA,NA,NA,0,0,0,0,0.30033,0.29893,0.30274,0.30482,0.46599,0.47144,0.48261,0.48857,0.00232,0.00225,0.00226,0.0027,0.00835,0.00908,0.00839,0.00941,NA
2017-12-10,2017,344,28,grandrivergrass_2017_12_10_120008.jpg,116.66585,83.57544,67.00876,0.31272,0.43654,131.3605,6.37044,84.41768,7.06652,63.47497,8.70459,0.30202,0.00579,0.29846,0.30903,0.31067,0.47153,0.02316,0.48171,0.49331,0.49708,26.42117,NA,0,0,0,0,0.29974,0.29848,0.30254,0.30454,0.46901,0.47489,0.48554,0.4916,0.00221,0.00214,0.00222,0.00265,0.00795,0.00865,0.00799,0.00896,NA
2017-12-11,2017,345,NA,NA,NA,NA,NA,NA,NA,NA,NA,NA,NA,NA,NA,NA,NA,NA,NA,NA,NA,NA,NA,NA,NA,NA,NA,0,0,0,0,0.29911,0.29801,0.30236,0.30428,0.47254,0.47885,0.48893,0.49518,0.00214,0.00207,0.00219,0.00262,0.0077,0.00837,0.00773,0.00867,NA
2017-12-12,2017,346,NA,NA,NA,NA,NA,NA,NA,NA,NA,NA,NA,NA,NA,NA,NA,NA,NA,NA,NA,NA,NA,NA,NA,NA,NA,0,0,0,0,0.29849,0.29755,0.30221,0.30406,0.47607,0.48277,0.49228,0.49877,0.00214,0.00207,0.0022,0.00262,0.0077,0.00837,0.00773,0.00867,NA
2017-12-13,2017,347,15,grandrivergrass_2017_12_13_090006.jpg,105.75316,85.27553,90.15096,0.30328,0.37611,126.80798,6.41328,84.29437,1.42157,70.86963,6.08465,0.29894,0.00127,0.29882,0.2991,0.29939,0.44974,0.02216,0.45747,0.46078,0.4652,26.03595,NA,0,0,0,0,0.29792,0.29714,0.30208,0.30386,0.47913,0.48614,0.49509,0.50185,0.00221,0.00214,0.00222,0.00265,0.00795,0.00865,0.00799,0.00896,NA
2017-12-14,2017,348,NA,NA,NA,NA,NA,NA,NA,NA,NA,NA,NA,NA,NA,NA,NA,NA,NA,NA,NA,NA,NA,NA,NA,NA,NA,0,0,0,0,0.29743,0.29681,0.30198,0.30369,0.4812,0.48842,0.49685,0.50389,0.00232,0.00225,0.00227,0.0027,0.00835,0.00908,0.00839,0.00941,NA
2017-12-15,2017,349,NA,NA,NA,NA,NA,NA,NA,NA,NA,NA,NA,NA,NA,NA,NA,NA,NA,NA,NA,NA,NA,NA,NA,NA,NA,0,0,0,0,0.29707,0.29661,0.30191,0.30356,0.4818,0.48908,0.49706,0.50438,0.00242,0.00235,0.00231,0.00275,0.00871,0.00948,0.00875,0.00982,NA
2017-12-16,2017,350,28,grandrivergrass_2017_12_15_153005.jpg,136.28984,79.03754,51.47081,0.29624,0.51083,133.90949,4.97282,80.92618,3.80887,60.00888,5.83613,0.29434,0.00565,0.29546,0.29866,0.2995,0.48759,0.02088,0.49001,0.50235,0.5128,25.98118,NA,0,0,0,0,0.29689,0.29656,0.30188,0.30346,0.48043,0.48758,0.4952,0.50278,0.00246,0.00239,0.00232,0.00277,0.00887,0.00964,0.0089,0.00999,NA
2017-12-17,2017,351,NA,NA,NA,NA,NA,NA,NA,NA,NA,NA,NA,NA,NA,NA,NA,NA,NA,NA,NA,NA,NA,NA,NA,NA,NA,0,0,0,0,0.29694,0.29672,0.30191,0.30343,0.47644,0.48326,0.49066,0.49843,0.00242,0.00235,0.0023,0.00275,0.00871,0.00948,0.00875,0.00982,NA
2017-12-18,2017,352,NA,NA,NA,NA,NA,NA,NA,NA,NA,NA,NA,NA,NA,NA,NA,NA,NA,NA,NA,NA,NA,NA,NA,NA,NA,0,0,0,0,0.2972,0.29709,0.30203,0.3035,0.46992,0.4762,0.48353,0.49139,0.00232,0.00225,0.00226,0.0027,0.00835,0.00908,0.00839,0.00941,NA
2017-12-19,2017,353,14,grandrivergrass_2017_12_18_153006.jpg,130.4115,77.887,53.24936,0.29779,0.49861,128.08982,8.43793,79.58411,8.26909,58.06126,8.76186,0.29909,0.00768,0.29773,0.30562,0.30912,0.48329,0.02423,0.4955,0.49842,0.5059,25.86196,NA,0,0,0,0,0.29764,0.29763,0.30222,0.30364,0.4614,0.46701,0.47439,0.48224,0.00221,0.00214,0.00221,0.00264,0.00796,0.00866,0.00799,0.00897,NA
2017-12-20,2017,354,NA,NA,NA,NA,NA,NA,NA,NA,NA,NA,NA,NA,NA,NA,NA,NA,NA,NA,NA,NA,NA,NA,NA,NA,NA,0,0,0,0,0.29822,0.29828,0.30246,0.30383,0.45147,0.45631,0.46381,0.47158,0.00214,0.00208,0.00218,0.0026,0.00771,0.00838,0.00774,0.00869,NA
2017-12-21,2017,355,NA,NA,NA,NA,NA,NA,NA,NA,NA,NA,NA,NA,NA,NA,NA,NA,NA,NA,NA,NA,NA,NA,NA,NA,NA,0,0,0,0,0.29888,0.29901,0.30271,0.30405,0.44067,0.4447,0.45236,0.45998,0.00214,0.00208,0.00217,0.00259,0.00772,0.00839,0.00775,0.00869,NA
2017-12-22,2017,356,42,grandrivergrass_2017_12_22_120009.jpg,128.16938,78.59109,61.43714,0.29303,0.47789,129.8281,3.9708,81.35792,2.63379,65.0401,5.30499,0.29448,0.00347,0.29563,0.29685,0.2978,0.47027,0.01841,0.4673,0.48091,0.49216,25.82924,NA,0,0,0,0,0.29958,0.29976,0.30295,0.30425,0.42957,0.43279,0.44064,0.44805,0.00221,0.00215,0.00219,0.00262,0.00798,0.00867,0.00801,0.00899,NA
2017-12-23,2017,357,NA,NA,NA,NA,NA,NA,NA,NA,NA,NA,NA,NA,NA,NA,NA,NA,NA,NA,NA,NA,NA,NA,NA,NA,NA,0,0,0,0,0.30028,0.30049,0.30316,0.30443,0.41872,0.42119,0.4292,0.43636,0.00232,0.00225,0.00223,0.00266,0.00837,0.0091,0.0084,0.00943,NA
2017-12-24,2017,358,NA,NA,NA,NA,NA,NA,NA,NA,NA,NA,NA,NA,NA,NA,NA,NA,NA,NA,NA,NA,NA,NA,NA,NA,NA,0,0,0,0,0.30093,0.30116,0.30331,0.30456,0.40868,0.41052,0.41863,0.4255,0.00242,0.00235,0.00227,0.00271,0.00872,0.00948,0.00875,0.00982,NA
2017-12-25,2017,359,33,grandrivergrass_2017_12_25_120008.jpg,96.00572,81.67722,92.39248,0.30242,0.35548,115.67077,15.73821,98.8932,12.24958,109.79809,13.12149,0.3047,0.00249,0.30515,0.30649,0.30782,0.35633,0.01838,0.36044,0.36691,0.37181,25.88907,NA,0,0,0,0,0.30149,0.30172,0.30338,0.30461,0.40003,0.40138,0.40951,0.41606,0.00245,0.00238,0.00228,0.00272,0.00884,0.00962,0.00888,0.00996,NA
2017-12-26,2017,360,NA,NA,NA,NA,NA,NA,NA,NA,NA,NA,NA,NA,NA,NA,NA,NA,NA,NA,NA,NA,NA,NA,NA,NA,NA,0,0,0,0,0.30199,0.3022,0.30342,0.30463,0.39244,0.39344,0.40155,0.40777,0.0024,0.00233,0.00226,0.0027,0.00863,0.00939,0.00867,0.00973,NA
2017-12-27,2017,361,NA,NA,NA,NA,NA,NA,NA,NA,NA,NA,NA,NA,NA,NA,NA,NA,NA,NA,NA,NA,NA,NA,NA,NA,NA,0,0,0,0,0.30248,0.30265,0.30349,0.30468,0.38542,0.38614,0.39425,0.40019,0.00228,0.00221,0.00222,0.00265,0.00821,0.00893,0.00825,0.00926,NA
2017-12-28,2017,362,20,grandrivergrass_2017_12_28_113005.jpg,109.02994,94.56186,109.9624,0.30158,0.34772,118.97105,11.59059,98.5627,9.46281,106.20855,9.853,0.30432,0.00165,0.30413,0.30548,0.30638,0.36746,0.0114,0.36555,0.37395,0.37869,25.97889,NA,0,0,0,0,0.30294,0.30306,0.30356,0.30474,0.3792,0.37971,0.38789,0.39358,0.00216,0.0021,0.00218,0.00261,0.0078,0.00848,0.00783,0.00879,NA
2017-12-29,2017,363,NA,NA,NA,NA,NA,NA,NA,NA,NA,NA,NA,NA,NA,NA,NA,NA,NA,NA,NA,NA,NA,NA,NA,NA,NA,0,0,0,0,0.30333,0.3034,0.30364,0.30481,0.37402,0.3744,0.38274,0.38824,0.00211,0.00204,0.00217,0.00259,0.00759,0.00825,0.00762,0.00855,NA
2017-12-30,2017,364,NA,NA,NA,NA,NA,NA,NA,NA,NA,NA,NA,NA,NA,NA,NA,NA,NA,NA,NA,NA,NA,NA,NA,NA,NA,0,0,0,0,0.30364,0.30365,0.30371,0.30487,0.37013,0.37045,0.37908,0.38445,0.00213,0.00207,0.00218,0.0026,0.00767,0.00835,0.00771,0.00865,NA
2017-12-31,2017,365,30,grandrivergrass_2017_12_31_120007.jpg,112.62963,95.13852,103.44811,0.3057,0.3619,114.85783,10.31298,96.89432,9.43492,107.41528,12.00449,0.30356,0.00145,0.30373,0.30449,0.3053,0.36027,0.0113,0.3618,0.36928,0.37207,26.24991,NA,0,0,0,0,0.30383,0.30379,0.30375,0.30491,0.36776,0.36811,0.37718,0.38251,0.00222,0.00215,0.00221,0.00264,0.00798,0.00868,0.00802,0.009,NA
2018-01-01,2018,1,NA,NA,NA,NA,NA,NA,NA,NA,NA,NA,NA,NA,NA,NA,NA,NA,NA,NA,NA,NA,NA,NA,NA,NA,NA,0,0,0,0,0.30389,0.30381,0.30375,0.30491,0.36715,0.36762,0.37731,0.38269,0.00231,0.00224,0.00225,0.00268,0.00833,0.00906,0.00837,0.00939,NA
2018-01-02,2018,2,28,grandrivergrass_2018_01_02_120009.jpg,111.54706,93.14512,99.43807,0.30627,0.36677,111.73388,9.85193,89.99402,8.95169,94.78071,10.45973,0.30347,0.00135,0.30321,0.30415,0.30574,0.37723,0.00724,0.37633,0.38122,0.38665,26.53081,NA,0,0,0,0,0.30378,0.30367,0.3037,0.30487,0.36856,0.36921,0.37975,0.3853,0.00236,0.00229,0.00226,0.0027,0.0085,0.00925,0.00854,0.00958,NA
2018-01-03,2018,3,NA,NA,NA,NA,NA,NA,NA,NA,NA,NA,NA,NA,NA,NA,NA,NA,NA,NA,NA,NA,NA,NA,NA,NA,NA,0,0,0,0,0.30352,0.30339,0.30355,0.30471,0.37158,0.37248,0.38396,0.38978,0.00233,0.00227,0.00225,0.00268,0.00841,0.00915,0.00845,0.00948,NA
2018-01-04,2018,4,NA,NA,NA,NA,NA,NA,NA,NA,NA,NA,NA,NA,NA,NA,NA,NA,NA,NA,NA,NA,NA,NA,NA,NA,NA,0,0,0,0,0.30318,0.30303,0.30327,0.30441,0.37557,0.37672,0.3891,0.39529,0.00226,0.00219,0.00222,0.00265,0.00814,0.00886,0.00818,0.00918,NA
2018-01-05,2018,5,42,grandrivergrass_2018_01_05_120007.jpg,125.78842,100.70891,104.95471,0.30384,0.37951,116.81778,9.77717,94.75336,9.20422,101.18056,11.8863,0.30286,0.00162,0.30283,0.30382,0.30478,0.37416,0.01499,0.37479,0.38737,0.392,26.87755,NA,0,0,0,0,0.30277,0.30258,0.30292,0.30405,0.38036,0.38174,0.39499,0.40163,0.00216,0.0021,0.00221,0.00264,0.00778,0.00846,0.00781,0.00877,NA
2018-01-06,2018,6,NA,NA,NA,NA,NA,NA,NA,NA,NA,NA,NA,NA,NA,NA,NA,NA,NA,NA,NA,NA,NA,NA,NA,NA,NA,0,0,0,0,0.30229,0.30209,0.30257,0.30369,0.38578,0.38737,0.40144,0.40861,0.00206,0.002,0.00223,0.00266,0.00742,0.00807,0.00745,0.00836,NA
2018-01-07,2018,7,NA,NA,NA,NA,NA,NA,NA,NA,NA,NA,NA,NA,NA,NA,NA,NA,NA,NA,NA,NA,NA,NA,NA,NA,NA,0,0,0,0,0.30178,0.30156,0.30228,0.30339,0.39165,0.39343,0.40829,0.41602,0.00199,0.00193,0.00226,0.0027,0.00717,0.0078,0.0072,0.00808,NA
2018-01-08,2018,8,42,grandrivergrass_2018_01_08_120008.jpg,108.5362,81.73395,74.299,0.30893,0.41024,121.89602,8.09677,87.17078,8.22719,81.14943,18.16061,0.3002,0.00348,0.30022,0.30339,0.30457,0.42291,0.04319,0.42807,0.46027,0.4772,27.28883,NA,0,0,0,0,0.30124,0.30101,0.30209,0.30322,0.39782,0.39973,0.41533,0.42368,0.00197,0.00191,0.00228,0.00272,0.00711,0.00773,0.00714,0.00801,NA
2018-01-09,2018,9,NA,NA,NA,NA,NA,NA,NA,NA,NA,NA,NA,NA,NA,NA,NA,NA,NA,NA,NA,NA,NA,NA,NA,NA,NA,0,0,0,0,0.30068,0.30047,0.30195,0.30308,0.40412,0.4061,0.42239,0.43139,0.00202,0.00196,0.00227,0.00271,0.00727,0.0079,0.0073,0.00819,NA
2018-01-10,2018,10,NA,NA,NA,NA,NA,NA,NA,NA,NA,NA,NA,NA,NA,NA,NA,NA,NA,NA,NA,NA,NA,NA,NA,NA,NA,0,0,0,0,0.30014,0.29994,0.30174,0.30286,0.41037,0.41236,0.42928,0.43896,0.00211,0.00205,0.00224,0.00268,0.0076,0.00827,0.00763,0.00856,NA
2018-01-11,2018,11,29,grandrivergrass_2018_01_11_120009.jpg,123.29685,87.59736,84.02745,0.29702,0.41807,123.64954,4.72729,83.85901,4.62231,74.68315,10.27246,0.29709,0.00217,0.29726,0.29825,0.29928,0.43917,0.02631,0.44501,0.46498,0.46887,27.59788,NA,0,0,0,0,0.29961,0.29947,0.30151,0.30261,0.4164,0.41831,0.43583,0.44619,0.00223,0.00216,0.00223,0.00267,0.00802,0.00873,0.00806,0.00904,NA
2018-01-12,2018,12,NA,NA,NA,NA,NA,NA,NA,NA,NA,NA,NA,NA,NA,NA,NA,NA,NA,NA,NA,NA,NA,NA,NA,NA,NA,0,0,0,0,0.29912,0.29905,0.30128,0.30238,0.42205,0.42379,0.44185,0.45289,0.00234,0.00227,0.00226,0.00269,0.00843,0.00917,0.00847,0.0095,NA
2018-01-13,2018,13,NA,NA,NA,NA,NA,NA,NA,NA,NA,NA,NA,NA,NA,NA,NA,NA,NA,NA,NA,NA,NA,NA,NA,NA,NA,0,0,0,0,0.29868,0.29871,0.3011,0.30222,0.42715,0.42862,0.44715,0.45886,0.00242,0.00235,0.00229,0.00274,0.00872,0.00949,0.00876,0.00983,NA
2018-01-14,2018,14,30,grandrivergrass_2018_01_14_120007.jpg,118.29507,86.38343,84.22041,0.29901,0.40947,122.84646,2.71571,89.60478,2.21538,86.35485,4.49544,0.29986,0.00072,0.29974,0.30029,0.30103,0.41127,0.01068,0.41157,0.42095,0.42556,28.11289,NA,0,0,0,0,0.29832,0.29848,0.30098,0.30217,0.43154,0.4326,0.45156,0.4639,0.00245,0.00238,0.00232,0.00276,0.00883,0.0096,0.00886,0.00995,NA
2018-01-15,2018,15,NA,NA,NA,NA,NA,NA,NA,NA,NA,NA,NA,NA,NA,NA,NA,NA,NA,NA,NA,NA,NA,NA,NA,NA,NA,0,0,0,0,0.29802,0.29835,0.30093,0.30223,0.43564,0.43624,0.45573,0.4687,0.00241,0.00233,0.0023,0.00274,0.00867,0.00943,0.0087,0.00977,NA
2018-01-16,2018,16,NA,NA,NA,NA,NA,NA,NA,NA,NA,NA,NA,NA,NA,NA,NA,NA,NA,NA,NA,NA,NA,NA,NA,NA,NA,0,0,0,0,0.29777,0.29831,0.30091,0.30238,0.43994,0.44008,0.46032,0.47389,0.00231,0.00224,0.00226,0.0027,0.00831,0.00903,0.00834,0.00936,NA
2018-01-17,2018,17,30,grandrivergrass_2018_01_16_160006.jpg,120.40199,84.53091,79.43908,0.29725,0.4234,125.11835,9.91113,88.85071,8.52721,81.82009,13.51858,0.30019,0.00357,0.29944,0.30145,0.30534,0.42444,0.03072,0.4218,0.44703,0.46809,28.89186,NA,0,0,0,0,0.29757,0.29835,0.30093,0.3026,0.44432,0.44404,0.46515,0.47928,0.0022,0.00213,0.00222,0.00265,0.00792,0.00861,0.00795,0.00892,NA
2018-01-18,2018,18,NA,NA,NA,NA,NA,NA,NA,NA,NA,NA,NA,NA,NA,NA,NA,NA,NA,NA,NA,NA,NA,NA,NA,NA,NA,0,0,0,0,0.29743,0.29843,0.30098,0.30286,0.44866,0.44804,0.47003,0.48465,0.00213,0.00207,0.0022,0.00262,0.00767,0.00834,0.0077,0.00864,NA
2018-01-19,2018,19,NA,NA,NA,NA,NA,NA,NA,NA,NA,NA,NA,NA,NA,NA,NA,NA,NA,NA,NA,NA,NA,NA,NA,NA,NA,0,0,0,0,0.29735,0.29855,0.30103,0.30314,0.45286,0.45198,0.4748,0.48981,0.00213,0.00207,0.0022,0.00262,0.00768,0.00835,0.00771,0.00866,NA
2018-01-20,2018,20,45,grandrivergrass_2018_01_20_120008.jpg,128.00279,79.87588,60.88293,0.2972,0.47627,129.17821,4.69588,79.77931,5.41731,61.79286,6.1595,0.29441,0.00575,0.29718,0.29772,0.29903,0.4778,0.01848,0.47509,0.48626,0.50747,29.54262,NA,0,0,0,0,0.29732,0.29868,0.3011,0.30342,0.45679,0.45578,0.47927,0.49453,0.00221,0.00214,0.00222,0.00265,0.00795,0.00864,0.00798,0.00896,NA
2018-01-21,2018,21,NA,NA,NA,NA,NA,NA,NA,NA,NA,NA,NA,NA,NA,NA,NA,NA,NA,NA,NA,NA,NA,NA,NA,NA,NA,0,0,0,0,0.29736,0.29882,0.30116,0.30368,0.46034,0.45935,0.48325,0.49861,0.00232,0.00225,0.00226,0.0027,0.00835,0.00908,0.00838,0.00941,NA
2018-01-22,2018,22,NA,NA,NA,NA,NA,NA,NA,NA,NA,NA,NA,NA,NA,NA,NA,NA,NA,NA,NA,NA,NA,NA,NA,NA,NA,0,0,0,0,0.29745,0.29892,0.30122,0.30391,0.4634,0.4626,0.48657,0.50185,0.00242,0.00235,0.0023,0.00274,0.00871,0.00948,0.00875,0.00982,NA
2018-01-23,2018,23,45,grandrivergrass_2018_01_23_120009.jpg,131.18779,89.88556,80.31851,0.29823,0.43527,130.41812,6.68282,82.18299,5.93179,67.81461,11.6388,0.29277,0.00708,0.29731,0.29809,0.29839,0.4666,0.03774,0.45788,0.50492,0.52053,30.24775,NA,0,0,0,0,0.2976,0.29899,0.30125,0.30407,0.46585,0.46545,0.48905,0.50403,0.00246,0.00239,0.00231,0.00276,0.00887,0.00964,0.0089,0.00999,NA
2018-01-24,2018,24,NA,NA,NA,NA,NA,NA,NA,NA,NA,NA,NA,NA,NA,NA,NA,NA,NA,NA,NA,NA,NA,NA,NA,NA,NA,0,0,0,0,0.29785,0.29903,0.30132,0.30424,0.46752,0.46773,0.49029,0.50475,0.00242,0.00235,0.00229,0.00274,0.00871,0.00948,0.00875,0.00982,NA
2018-01-25,2018,25,NA,NA,NA,NA,NA,NA,NA,NA,NA,NA,NA,NA,NA,NA,NA,NA,NA,NA,NA,NA,NA,NA,NA,NA,NA,0,0,0,0,0.2982,0.29907,0.30145,0.30447,0.46834,0.46934,0.49014,0.5039,0.00232,0.00225,0.00225,0.00269,0.00835,0.00908,0.00839,0.00941,NA
2018-01-26,2018,26,15,grandrivergrass_2018_01_27_090006.jpg,136.6531,87.46824,65.09359,0.30243,0.4725,119.02052,11.77856,78.51894,6.071,60.3497,6.05202,0.30455,0.0074,0.30243,0.31255,0.31325,0.46122,0.02564,0.4725,0.48544,0.48987,31.00462,NA,0,0,0,0,0.29862,0.29911,0.30162,0.30475,0.46837,0.47022,0.48881,0.50174,0.00221,0.00214,0.00221,0.00264,0.00795,0.00865,0.00799,0.00896,NA
2018-01-27,2018,27,NA,NA,NA,NA,NA,NA,NA,NA,NA,NA,NA,NA,NA,NA,NA,NA,NA,NA,NA,NA,NA,NA,NA,NA,NA,0,0,0,0,0.29909,0.29915,0.30181,0.30506,0.46764,0.47036,0.48649,0.49851,0.00214,0.00207,0.00219,0.00261,0.0077,0.00837,0.00773,0.00867,NA
2018-01-28,2018,28,NA,NA,NA,NA,NA,NA,NA,NA,NA,NA,NA,NA,NA,NA,NA,NA,NA,NA,NA,NA,NA,NA,NA,NA,NA,0,0,0,0,0.29957,0.2992,0.30201,0.30536,0.46621,0.46971,0.48336,0.49449,0.00214,0.00207,0.00219,0.00261,0.0077,0.00837,0.00773,0.00867,NA
2018-01-29,2018,29,45,grandrivergrass_2018_01_29_120008.jpg,98.14289,70.99612,58.57588,0.31178,0.43099,128.7185,9.56398,82.47725,6.03823,63.67567,6.18961,0.30003,0.00428,0.29866,0.3005,0.30584,0.46837,0.01758,0.4737,0.47862,0.48735,31.81055,NA,0,0,0,0,0.30004,0.29926,0.30219,0.30565,0.46412,0.46825,0.47963,0.48991,0.00221,0.00214,0.00222,0.00265,0.00795,0.00865,0.00799,0.00896,NA
2018-01-30,2018,30,NA,NA,NA,NA,NA,NA,NA,NA,NA,NA,NA,NA,NA,NA,NA,NA,NA,NA,NA,NA,NA,NA,NA,NA,NA,0,0,0,0,0.30046,0.29934,0.30234,0.3059,0.46142,0.46594,0.47548,0.48503,0.00232,0.00225,0.00226,0.0027,0.00835,0.00908,0.00839,0.00941,NA
2018-01-31,2018,31,NA,NA,NA,NA,NA,NA,NA,NA,NA,NA,NA,NA,NA,NA,NA,NA,NA,NA,NA,NA,NA,NA,NA,NA,NA,0,0,0,0,0.3008,0.29943,0.30244,0.30608,0.45814,0.46275,0.4711,0.48011,0.00242,0.00235,0.0023,0.00275,0.00871,0.00948,0.00875,0.00982,NA
2018-02-01,2018,32,33,grandrivergrass_2018_02_01_120008.jpg,99.2857,72.82326,61.22897,0.31209,0.4255,125.76936,10.14968,82.17234,4.99877,65.34298,5.73235,0.3008,0.00503,0.29855,0.29991,0.31146,0.45996,0.01953,0.46645,0.47103,0.48214,32.37373,NA,0,0,0,0,0.30104,0.29954,0.30246,0.30618,0.45434,0.45864,0.46669,0.4754,0.00246,0.00239,0.00232,0.00277,0.00887,0.00964,0.0089,0.00999,NA
2018-02-02,2018,33,NA,NA,NA,NA,NA,NA,NA,NA,NA,NA,NA,NA,NA,NA,NA,NA,NA,NA,NA,NA,NA,NA,NA,NA,NA,0,0,0,0,0.30121,0.2997,0.3024,0.3062,0.44964,0.4533,0.46202,0.4705,0.00242,0.00235,0.0023,0.00275,0.00871,0.00948,0.00875,0.00982,NA
2018-02-03,2018,34,NA,NA,NA,NA,NA,NA,NA,NA,NA,NA,NA,NA,NA,NA,NA,NA,NA,NA,NA,NA,NA,NA,NA,NA,NA,0,0,0,0,0.30135,0.2999,0.30227,0.30615,0.44394,0.44675,0.45691,0.4651,0.00232,0.00225,0.00226,0.0027,0.00835,0.00908,0.00839,0.00941,NA
2018-02-04,2018,35,51,grandrivergrass_2018_02_04_120008.jpg,124.49089,86.38056,78.55778,0.29845,0.43013,126.14919,4.07004,83.57209,3.60469,70.18879,8.55107,0.29854,0.00143,0.29842,0.29934,0.30025,0.45137,0.0221,0.44982,0.46843,0.47587,33.55854,NA,0,0,0,0,0.30145,0.30014,0.30209,0.30606,0.43769,0.43952,0.4517,0.45952,0.00221,0.00214,0.00222,0.00265,0.00795,0.00865,0.00799,0.00896,NA
2018-02-05,2018,36,NA,NA,NA,NA,NA,NA,NA,NA,NA,NA,NA,NA,NA,NA,NA,NA,NA,NA,NA,NA,NA,NA,NA,NA,NA,0,0,0,0,0.30152,0.30038,0.30187,0.30592,0.43134,0.43216,0.44667,0.45411,0.00214,0.00207,0.0022,0.00262,0.0077,0.00837,0.00773,0.00867,NA
2018-02-06,2018,37,NA,NA,NA,NA,NA,NA,NA,NA,NA,NA,NA,NA,NA,NA,NA,NA,NA,NA,NA,NA,NA,NA,NA,NA,NA,0,0,0,0,0.30155,0.3006,0.30164,0.30576,0.42535,0.42517,0.44214,0.44922,0.00214,0.00207,0.0022,0.00262,0.0077,0.00837,0.00773,0.00867,NA
2018-02-07,2018,38,51,grandrivergrass_2018_02_07_120008.jpg,108.49566,80.96216,81.14257,0.29919,0.40094,123.31735,9.56344,92.7373,8.45041,90.72645,10.22859,0.30212,0.0023,0.30253,0.30365,0.30514,0.40254,0.01668,0.39946,0.4112,0.42424,34.49497,NA,0,0,0,0,0.30153,0.30078,0.30141,0.30558,0.42017,0.4191,0.43843,0.44519,0.00221,0.00214,0.00222,0.00265,0.00795,0.00865,0.00799,0.00896,NA
2018-02-08,2018,39,NA,NA,NA,NA,NA,NA,NA,NA,NA,NA,NA,NA,NA,NA,NA,NA,NA,NA,NA,NA,NA,NA,NA,NA,NA,0,0,0,0,0.30147,0.3009,0.30119,0.3054,0.41626,0.41448,0.43584,0.44235,0.00232,0.00225,0.00226,0.0027,0.00835,0.00908,0.00839,0.00941,NA
2018-02-09,2018,40,NA,NA,NA,NA,NA,NA,NA,NA,NA,NA,NA,NA,NA,NA,NA,NA,NA,NA,NA,NA,NA,NA,NA,NA,NA,0,0,0,0,0.30135,0.30093,0.301,0.30523,0.41406,0.41182,0.43468,0.44107,0.00242,0.00235,0.0023,0.00275,0.00871,0.00948,0.00875,0.00982,NA
2018-02-10,2018,41,37,grandrivergrass_2018_02_10_120007.jpg,113.99362,94.53498,103.41201,0.30305,0.36543,118.89396,8.57947,94.49378,8.55023,98.82291,15.82776,0.30252,0.00179,0.30216,0.30316,0.30501,0.38238,0.03114,0.36714,0.41409,0.41847,35.14035,NA,0,0,0,0,0.30118,0.30086,0.30086,0.30508,0.41403,0.41166,0.43526,0.44167,0.00246,0.00239,0.00232,0.00277,0.00887,0.00964,0.0089,0.00999,NA
2018-02-11,2018,42,NA,NA,NA,NA,NA,NA,NA,NA,NA,NA,NA,NA,NA,NA,NA,NA,NA,NA,NA,NA,NA,NA,NA,NA,NA,0,0,0,0,0.30087,0.30063,0.30074,0.30492,0.41648,0.41422,0.43798,0.44472,0.00242,0.00235,0.0023,0.00275,0.00871,0.00948,0.00875,0.00982,NA
2018-02-12,2018,43,NA,NA,NA,NA,NA,NA,NA,NA,NA,NA,NA,NA,NA,NA,NA,NA,NA,NA,NA,NA,NA,NA,NA,NA,NA,0,0,0,0,0.30039,0.30024,0.30061,0.30471,0.42104,0.419,0.44266,0.45014,0.00232,0.00225,0.00226,0.0027,0.00835,0.00908,0.00839,0.00941,NA
2018-02-13,2018,44,34,grandrivergrass_2018_02_13_120007.jpg,136.9527,104.54915,100.80922,0.30542,0.40008,125.0919,8.8351,86.40082,9.12224,76.50275,16.01838,0.29976,0.00274,0.29902,0.30122,0.30448,0.43662,0.0353,0.44817,0.46404,0.47039,36.47749,NA,0,0,0,0,0.29978,0.29974,0.30048,0.30447,0.42717,0.42541,0.44877,0.45729,0.00221,0.00214,0.00222,0.00265,0.00795,0.00865,0.00799,0.00896,NA
2018-02-14,2018,45,NA,NA,NA,NA,NA,NA,NA,NA,NA,NA,NA,NA,NA,NA,NA,NA,NA,NA,NA,NA,NA,NA,NA,NA,NA,0,0,0,0,0.2991,0.29916,0.30035,0.30422,0.43431,0.43287,0.45575,0.46552,0.00214,0.00207,0.0022,0.00262,0.0077,0.00837,0.00773,0.00867,NA
2018-02-15,2018,46,NA,NA,NA,NA,NA,NA,NA,NA,NA,NA,NA,NA,NA,NA,NA,NA,NA,NA,NA,NA,NA,NA,NA,NA,NA,0,0,0,0,0.29839,0.29857,0.30022,0.30395,0.44192,0.4408,0.46307,0.47421,0.00214,0.00207,0.0022,0.00262,0.0077,0.00837,0.00773,0.00867,NA
2018-02-16,2018,47,51,grandrivergrass_2018_02_16_120007.jpg,127.45272,79.64539,59.821,0.29839,0.4775,128.88262,5.94962,81.37485,4.47234,62.15518,5.85965,0.29865,0.00462,0.29767,0.29849,0.30803,0.47348,0.01785,0.47625,0.48363,0.48674,37.51724,NA,0,0,0,0,0.29771,0.29801,0.30011,0.3037,0.44945,0.44862,0.47019,0.48271,0.00221,0.00214,0.00222,0.00265,0.00795,0.00865,0.00799,0.00896,NA
2018-02-17,2018,48,NA,NA,NA,NA,NA,NA,NA,NA,NA,NA,NA,NA,NA,NA,NA,NA,NA,NA,NA,NA,NA,NA,NA,NA,NA,0,0,0,0,0.29712,0.29752,0.30001,0.30347,0.45635,0.45575,0.47657,0.49039,0.00232,0.00225,0.00226,0.0027,0.00835,0.00908,0.00839,0.00941,NA
2018-02-18,2018,49,NA,NA,NA,NA,NA,NA,NA,NA,NA,NA,NA,NA,NA,NA,NA,NA,NA,NA,NA,NA,NA,NA,NA,NA,NA,0,0,0,0,0.29665,0.29716,0.29994,0.30327,0.46207,0.4616,0.48166,0.4966,0.00242,0.00235,0.0023,0.00275,0.00871,0.00948,0.00875,0.00982,NA
2018-02-19,2018,50,50,grandrivergrass_2018_02_19_120008.jpg,135.91154,72.87335,48.23593,0.28353,0.5288,126.96534,5.89462,79.66262,5.32386,63.51087,8.05744,0.29467,0.00544,0.29665,0.29816,0.29962,0.47086,0.02588,0.46941,0.48526,0.50825,38.585,NA,0,0,0,0,0.29637,0.29698,0.2999,0.30311,0.46607,0.4656,0.48492,0.50072,0.00246,0.00239,0.00232,0.00277,0.00887,0.00964,0.0089,0.00999,NA
2018-02-20,2018,51,NA,NA,NA,NA,NA,NA,NA,NA,NA,NA,NA,NA,NA,NA,NA,NA,NA,NA,NA,NA,NA,NA,NA,NA,NA,0,0,0,0,0.2963,0.29698,0.29988,0.30299,0.46834,0.46779,0.48637,0.50273,0.00242,0.00235,0.0023,0.00275,0.00871,0.00948,0.00875,0.00982,NA
2018-02-21,2018,52,NA,NA,NA,NA,NA,NA,NA,NA,NA,NA,NA,NA,NA,NA,NA,NA,NA,NA,NA,NA,NA,NA,NA,NA,NA,0,0,0,0,0.2964,0.29713,0.29987,0.30287,0.46943,0.46877,0.48654,0.50325,0.00232,0.00225,0.00226,0.0027,0.00835,0.00908,0.00839,0.00941,NA
2018-02-22,2018,53,38,grandrivergrass_2018_02_22_120007.jpg,124.908,86.39718,78.43032,0.29819,0.43111,127.40246,9.5375,84.47929,5.67675,73.17272,12.79206,0.29623,0.00351,0.29701,0.29847,0.30094,0.44806,0.03717,0.43965,0.47975,0.49473,39.67752,NA,0,0,0,0,0.29663,0.2974,0.29987,0.30276,0.46955,0.46879,0.48569,0.50259,0.00221,0.00214,0.00222,0.00265,0.00795,0.00865,0.00799,0.00896,NA
2018-02-23,2018,54,NA,NA,NA,NA,NA,NA,NA,NA,NA,NA,NA,NA,NA,NA,NA,NA,NA,NA,NA,NA,NA,NA,NA,NA,NA,0,0,0,0,0.29696,0.29776,0.29988,0.30265,0.46896,0.46811,0.48409,0.50103,0.00214,0.00207,0.0022,0.00262,0.0077,0.00837,0.00773,0.00867,NA
2018-02-24,2018,55,NA,NA,NA,NA,NA,NA,NA,NA,NA,NA,NA,NA,NA,NA,NA,NA,NA,NA,NA,NA,NA,NA,NA,NA,NA,0,0,0,0,0.29736,0.29816,0.2999,0.30254,0.46787,0.46697,0.48197,0.49888,0.00214,0.00207,0.0022,0.00262,0.0077,0.00837,0.00773,0.00867,NA
2018-02-25,2018,56,57,grandrivergrass_2018_02_25_120008.jpg,132.22676,84.25913,64.53736,0.29983,0.47052,127.14872,6.88833,79.89394,5.32776,61.60128,6.28812,0.29728,0.00563,0.29838,0.29992,0.30284,0.47374,0.01938,0.47204,0.48063,0.50855,40.79153,NA,0,0,0,0,0.29778,0.29858,0.29993,0.30244,0.46653,0.46563,0.47962,0.49642,0.00221,0.00214,0.00222,0.00265,0.00795,0.00865,0.00799,0.00896,NA
2018-02-26,2018,57,NA,NA,NA,NA,NA,NA,NA,NA,NA,NA,NA,NA,NA,NA,NA,NA,NA,NA,NA,NA,NA,NA,NA,NA,NA,0,0,0,0,0.2982,0.29898,0.29996,0.30234,0.46517,0.46434,0.47727,0.49395,0.00232,0.00225,0.00226,0.0027,0.00835,0.00908,0.00839,0.00941,NA
2018-02-27,2018,58,NA,NA,NA,NA,NA,NA,NA,NA,NA,NA,NA,NA,NA,NA,NA,NA,NA,NA,NA,NA,NA,NA,NA,NA,NA,0,0,0,0,0.29857,0.29933,0.29999,0.30226,0.46403,0.46335,0.4752,0.49176,0.00242,0.00235,0.0023,0.00275,0.00871,0.00948,0.00875,0.00982,NA
2018-02-28,2018,59,57,grandrivergrass_2018_02_28_120009.jpg,119.14497,76.26102,61.51612,0.29683,0.46374,126.52513,6.94479,81.60521,5.33859,63.95523,4.93461,0.2998,0.00289,0.30013,0.30121,0.30312,0.46522,0.01048,0.46717,0.47171,0.47603,41.92383,NA,0,0,0,0,0.29886,0.29959,0.30003,0.30218,0.46333,0.46291,0.47366,0.49015,0.00246,0.00239,0.00232,0.00277,0.00887,0.00964,0.0089,0.00999,NA
2018-03-01,2018,60,NA,NA,NA,NA,NA,NA,NA,NA,NA,NA,NA,NA,NA,NA,NA,NA,NA,NA,NA,NA,NA,NA,NA,NA,NA,0,0,0,0,0.29908,0.29977,0.30009,0.30211,0.46288,0.46277,0.47248,0.48891,0.00242,0.00235,0.0023,0.00275,0.00871,0.00948,0.00875,0.00982,NA
2018-03-02,2018,61,NA,NA,NA,NA,NA,NA,NA,NA,NA,NA,NA,NA,NA,NA,NA,NA,NA,NA,NA,NA,NA,NA,NA,NA,NA,0,0,0,0,0.29926,0.29992,0.30019,0.30205,0.46233,0.46254,0.47137,0.48762,0.00232,0.00225,0.00226,0.0027,0.00835,0.00908,0.00839,0.00941,NA
2018-03-03,2018,62,57,grandrivergrass_2018_03_03_120008.jpg,144.8324,93.0911,69.4987,0.30281,0.47112,127.87911,8.40831,82.82089,6.0914,64.27186,6.29866,0.3011,0.0017,0.30118,0.30219,0.3032,0.46538,0.01347,0.4692,0.47459,0.4785,43.07142,NA,0,0,0,0,0.2994,0.30003,0.30031,0.30201,0.46173,0.46223,0.47032,0.48634,0.00221,0.00214,0.00222,0.00265,0.00795,0.00865,0.00799,0.00896,NA
2018-03-04,2018,63,NA,NA,NA,NA,NA,NA,NA,NA,NA,NA,NA,NA,NA,NA,NA,NA,NA,NA,NA,NA,NA,NA,NA,NA,NA,0,0,0,0,0.29951,0.30011,0.30044,0.30198,0.46111,0.46188,0.46936,0.48509,0.00214,0.00207,0.0022,0.00262,0.0077,0.00837,0.00773,0.00867,NA
2018-03-05,2018,64,NA,NA,NA,NA,NA,NA,NA,NA,NA,NA,NA,NA,NA,NA,NA,NA,NA,NA,NA,NA,NA,NA,NA,NA,NA,0,0,0,0,0.29958,0.30017,0.30058,0.30195,0.46052,0.46151,0.4685,0.48393,0.00214,0.00207,0.0022,0.00262,0.0077,0.00837,0.00773,0.00867,NA
2018-03-06,2018,65,57,grandrivergrass_2018_03_06_120007.jpg,126.15338,93.4048,90.13424,0.30161,0.40735,125.50258,6.64477,83.013,4.03069,70.30557,9.47722,0.29762,0.00412,0.29932,0.29999,0.30079,0.45086,0.03088,0.4484,0.45776,0.50046,44.23132,NA,0,0,0,0,0.29964,0.3002,0.30073,0.30194,0.45998,0.46114,0.46775,0.48288,0.00221,0.00214,0.00222,0.00265,0.00795,0.00865,0.00799,0.00896,NA
2018-03-07,2018,66,NA,NA,NA,NA,NA,NA,NA,NA,NA,NA,NA,NA,NA,NA,NA,NA,NA,NA,NA,NA,NA,NA,NA,NA,NA,0,0,0,0,0.29967,0.30022,0.30086,0.30193,0.45956,0.46081,0.46713,0.48199,0.00232,0.00225,0.00226,0.0027,0.00835,0.00908,0.00839,0.00941,NA
2018-03-08,2018,67,NA,NA,NA,NA,NA,NA,NA,NA,NA,NA,NA,NA,NA,NA,NA,NA,NA,NA,NA,NA,NA,NA,NA,NA,NA,0,0,0,0,0.29967,0.30022,0.30098,0.30193,0.45927,0.46054,0.46665,0.48129,0.00242,0.00235,0.0023,0.00275,0.00871,0.00948,0.00875,0.00982,NA
2018-03-09,2018,68,57,grandrivergrass_2018_03_09_120008.jpg,119.75698,81.24982,68.8542,0.30108,0.44377,127.2472,6.3154,83.10152,4.6571,66.2326,5.15864,0.30041,0.00131,0.3003,0.3011,0.3023,0.46028,0.01118,0.46184,0.46765,0.47366,45.40066,NA,0,0,0,0,0.29966,0.30022,0.30107,0.30193,0.45917,0.46035,0.46632,0.48082,0.00246,0.00239,0.00232,0.00277,0.00887,0.00964,0.0089,0.00999,NA
2018-03-10,2018,69,NA,NA,NA,NA,NA,NA,NA,NA,NA,NA,NA,NA,NA,NA,NA,NA,NA,NA,NA,NA,NA,NA,NA,NA,NA,0,0,0,0,0.29963,0.30021,0.30113,0.30193,0.45932,0.46033,0.46622,0.48061,0.00242,0.00235,0.0023,0.00275,0.00871,0.00948,0.00875,0.00982,NA
2018-03-11,2018,70,NA,NA,NA,NA,NA,NA,NA,NA,NA,NA,NA,NA,NA,NA,NA,NA,NA,NA,NA,NA,NA,NA,NA,NA,NA,0,0,0,0,0.29956,0.30019,0.30118,0.30194,0.45974,0.46048,0.46636,0.48063,0.00232,0.00225,0.00226,0.0027,0.00835,0.00908,0.00839,0.00941,NA
2018-03-12,2018,71,59,grandrivergrass_2018_03_12_120009.jpg,129.21531,83.95049,65.29122,0.30148,0.46404,127.91861,5.46931,83.19992,3.46299,66.27269,4.53907,0.29991,0.00211,0.30033,0.30122,0.30194,0.46124,0.01221,0.46404,0.4675,0.47301,46.57643,NA,0,0,0,0,0.29947,0.30016,0.30121,0.30194,0.46037,0.46076,0.46672,0.48088,0.00221,0.00214,0.00222,0.00265,0.00795,0.00865,0.00799,0.00896,NA
2018-03-13,2018,72,NA,NA,NA,NA,NA,NA,NA,NA,NA,NA,NA,NA,NA,NA,NA,NA,NA,NA,NA,NA,NA,NA,NA,NA,NA,0,0,0,0,0.29936,0.30012,0.30123,0.30195,0.46114,0.46112,0.46727,0.48133,0.00214,0.00207,0.0022,0.00262,0.0077,0.00837,0.00773,0.00867,NA
2018-03-14,2018,73,NA,NA,NA,NA,NA,NA,NA,NA,NA,NA,NA,NA,NA,NA,NA,NA,NA,NA,NA,NA,NA,NA,NA,NA,NA,0,0,0,0,0.29924,0.30009,0.30125,0.30197,0.46199,0.46149,0.46798,0.48197,0.00214,0.00207,0.0022,0.00262,0.0077,0.00837,0.00773,0.00867,NA
2018-03-15,2018,74,60,grandrivergrass_2018_03_15_120008.jpg,137.25555,90.33111,71.06705,0.30246,0.45958,129.28475,6.69956,82.49221,4.68372,63.78918,5.23326,0.29929,0.00324,0.3001,0.30133,0.30246,0.46937,0.01437,0.46931,0.47507,0.48417,47.75537,NA,0,0,0,0,0.29912,0.30007,0.30127,0.30199,0.46285,0.46184,0.46882,0.48276,0.00221,0.00214,0.00222,0.00265,0.00795,0.00865,0.00799,0.00896,NA
2018-03-16,2018,75,NA,NA,NA,NA,NA,NA,NA,NA,NA,NA,NA,NA,NA,NA,NA,NA,NA,NA,NA,NA,NA,NA,NA,NA,NA,0,0,0,0,0.299,0.30005,0.3013,0.30203,0.46365,0.46211,0.46976,0.48371,0.00232,0.00225,0.00226,0.0027,0.00835,0.00908,0.00839,0.00941,NA
2018-03-17,2018,76,NA,NA,NA,NA,NA,NA,NA,NA,NA,NA,NA,NA,NA,NA,NA,NA,NA,NA,NA,NA,NA,NA,NA,NA,NA,0,0,0,0,0.2989,0.30005,0.30135,0.30208,0.46434,0.46225,0.47076,0.48478,0.00242,0.00235,0.0023,0.00275,0.00871,0.00948,0.00875,0.00982,NA
2018-03-18,2018,77,61,grandrivergrass_2018_03_18_120008.jpg,128.8843,84.31938,68.03613,0.29981,0.45827,126.60505,3.63635,82.87033,2.89715,67.72718,5.11065,0.29889,0.00342,0.29997,0.30067,0.30097,0.45701,0.01713,0.45368,0.45737,0.48145,48.93483,NA,0,0,0,0,0.29882,0.30006,0.30142,0.30215,0.46485,0.4622,0.47181,0.48596,0.00246,0.00239,0.00232,0.00277,0.00887,0.00964,0.0089,0.00999,NA
2018-03-19,2018,78,NA,NA,NA,NA,NA,NA,NA,NA,NA,NA,NA,NA,NA,NA,NA,NA,NA,NA,NA,NA,NA,NA,NA,NA,NA,0,0,0,0,0.29878,0.30011,0.30151,0.30225,0.46501,0.46183,0.47271,0.48702,0.00243,0.00236,0.0023,0.00275,0.00875,0.00952,0.00879,0.00986,NA
2018-03-20,2018,79,NA,NA,NA,NA,NA,NA,NA,NA,NA,NA,NA,NA,NA,NA,NA,NA,NA,NA,NA,NA,NA,NA,NA,NA,NA,0,0,0,0,0.2988,0.30019,0.30162,0.30238,0.46473,0.46109,0.47333,0.48776,0.00235,0.00228,0.00227,0.00271,0.00845,0.00919,0.00849,0.00952,NA
2018-03-21,2018,80,63,grandrivergrass_2018_03_21_120009.jpg,122.79482,79.68261,62.78468,0.30039,0.46292,128.55273,5.87975,83.11277,3.92688,65.88652,5.03944,0.29939,0.0033,0.30012,0.30173,0.3027,0.46334,0.01563,0.46271,0.4704,0.48369,50.11152,NA,0,0,0,0,0.29889,0.30029,0.30174,0.30254,0.46407,0.46002,0.47367,0.48819,0.00223,0.00217,0.00226,0.0027,0.00804,0.00875,0.00808,0.00906,NA
2018-03-22,2018,81,NA,NA,NA,NA,NA,NA,NA,NA,NA,NA,NA,NA,NA,NA,NA,NA,NA,NA,NA,NA,NA,NA,NA,NA,NA,0,0,0,0,0.29903,0.30042,0.30186,0.3027,0.46306,0.45868,0.47374,0.48829,0.00212,0.00205,0.00227,0.00271,0.00763,0.0083,0.00766,0.0086,NA
2018-03-23,2018,82,NA,NA,NA,NA,NA,NA,NA,NA,NA,NA,NA,NA,NA,NA,NA,NA,NA,NA,NA,NA,NA,NA,NA,NA,NA,0,0,0,0,0.29921,0.30058,0.30198,0.30286,0.46176,0.45713,0.47355,0.48809,0.00203,0.00197,0.0023,0.00275,0.00732,0.00796,0.00735,0.00825,NA
2018-03-24,2018,83,63,grandrivergrass_2018_03_24_120008.jpg,135.63729,75.66269,51.77322,0.28761,0.51559,128.65407,5.60045,80.7677,3.94142,62.8279,7.55209,0.29653,0.00602,0.30048,0.30158,0.30226,0.47318,0.02809,0.45925,0.50071,0.51528,51.28259,NA,0,0,0,0,0.29943,0.30074,0.30209,0.30299,0.46022,0.45542,0.4731,0.48757,0.002,0.00194,0.00232,0.00277,0.00721,0.00784,0.00724,0.00812,NA
2018-03-25,2018,84,NA,NA,NA,NA,NA,NA,NA,NA,NA,NA,NA,NA,NA,NA,NA,NA,NA,NA,NA,NA,NA,NA,NA,NA,NA,0,0,0,0,0.29967,0.30092,0.3022,0.30311,0.45848,0.4536,0.4724,0.48676,0.00203,0.00197,0.0023,0.00275,0.00732,0.00796,0.00735,0.00825,NA
2018-03-26,2018,85,NA,NA,NA,NA,NA,NA,NA,NA,NA,NA,NA,NA,NA,NA,NA,NA,NA,NA,NA,NA,NA,NA,NA,NA,NA,0,0,0,0,0.29995,0.30111,0.30231,0.30324,0.4566,0.45174,0.47145,0.48564,0.00212,0.00205,0.00227,0.00271,0.00763,0.0083,0.00766,0.0086,NA
2018-03-27,2018,86,52,grandrivergrass_2018_03_27_120008.jpg,128.91828,84.71541,68.82686,0.29992,0.45641,128.33157,5.4926,82.14747,3.97611,63.93582,5.08742,0.29928,0.00387,0.30012,0.30259,0.30324,0.46789,0.01661,0.46272,0.47767,0.49086,52.44517,NA,0,0,0,0,0.30023,0.30129,0.30242,0.30339,0.45462,0.44989,0.47027,0.48422,0.00223,0.00217,0.00226,0.0027,0.00804,0.00875,0.00808,0.00906,NA
2018-03-28,2018,87,NA,NA,NA,NA,NA,NA,NA,NA,NA,NA,NA,NA,NA,NA,NA,NA,NA,NA,NA,NA,NA,NA,NA,NA,NA,0,0,0,0,0.30053,0.30148,0.30254,0.30353,0.45259,0.44811,0.46886,0.48251,0.00235,0.00228,0.00227,0.00271,0.00845,0.00919,0.00849,0.00952,NA
2018-03-29,2018,88,NA,NA,NA,NA,NA,NA,NA,NA,NA,NA,NA,NA,NA,NA,NA,NA,NA,NA,NA,NA,NA,NA,NA,NA,NA,0,0,0,0,0.30083,0.30166,0.30266,0.30368,0.45057,0.44644,0.46722,0.48051,0.00243,0.00236,0.0023,0.00275,0.00875,0.00952,0.00879,0.00986,NA
2018-03-30,2018,89,65,grandrivergrass_2018_03_30_120009.jpg,141.13198,96.14319,77.30246,0.30563,0.44864,128.87948,8.76158,86.52327,5.27999,70.10578,5.24656,0.30299,0.00135,0.30287,0.30372,0.30496,0.45134,0.01459,0.455,0.46079,0.46445,53.59666,NA,0,0,0,0,0.30112,0.30183,0.3028,0.30382,0.44859,0.44494,0.46536,0.47822,0.00246,0.00239,0.00232,0.00277,0.00887,0.00964,0.0089,0.00999,NA
2018-03-31,2018,90,NA,NA,NA,NA,NA,NA,NA,NA,NA,NA,NA,NA,NA,NA,NA,NA,NA,NA,NA,NA,NA,NA,NA,NA,NA,0,0,0,0,0.30139,0.30197,0.30292,0.30394,0.44682,0.44379,0.46348,0.47586,0.00242,0.00235,0.0023,0.00275,0.00871,0.00948,0.00875,0.00982,NA
2018-04-01,2018,91,NA,NA,NA,NA,NA,NA,NA,NA,NA,NA,NA,NA,NA,NA,NA,NA,NA,NA,NA,NA,NA,NA,NA,NA,NA,0,0,0,0,0.3016,0.30209,0.30302,0.30404,0.44535,0.44305,0.46177,0.47369,0.00232,0.00225,0.00226,0.0027,0.00835,0.00908,0.00839,0.00941,NA
2018-04-02,2018,92,66,grandrivergrass_2018_04_02_120009.jpg,124.40812,93.01101,87.83561,0.3047,0.40756,122.91583,7.58004,89.57666,8.7126,83.61034,15.01018,0.30227,0.00359,0.30249,0.30428,0.30619,0.41711,0.03385,0.41031,0.44226,0.46977,54.73469,NA,0,0,0,0,0.30177,0.30219,0.3031,0.30411,0.44416,0.44269,0.46025,0.47174,0.00221,0.00214,0.00222,0.00265,0.00795,0.00865,0.00799,0.00896,NA
2018-04-03,2018,93,NA,NA,NA,NA,NA,NA,NA,NA,NA,NA,NA,NA,NA,NA,NA,NA,NA,NA,NA,NA,NA,NA,NA,NA,NA,0,0,0,0,0.30191,0.30227,0.30318,0.30418,0.44323,0.44265,0.45894,0.47004,0.00214,0.00207,0.0022,0.00262,0.0077,0.00837,0.00773,0.00867,NA
2018-04-04,2018,94,NA,NA,NA,NA,NA,NA,NA,NA,NA,NA,NA,NA,NA,NA,NA,NA,NA,NA,NA,NA,NA,NA,NA,NA,NA,0,0,0,0,0.30203,0.30236,0.30326,0.30426,0.44254,0.44286,0.45784,0.46865,0.00214,0.00207,0.0022,0.00262,0.0077,0.00837,0.00773,0.00867,NA
2018-04-05,2018,95,43,grandrivergrass_2018_04_05_120008.jpg,125.7768,82.65359,64.32569,0.30303,0.46113,125.14309,4.97722,84.36477,3.07839,69.39631,4.24953,0.30246,0.00101,0.30256,0.3031,0.30372,0.44876,0.01178,0.45039,0.45931,0.46131,55.85691,NA,0,0,0,0,0.30214,0.30245,0.30336,0.30434,0.44208,0.44328,0.45699,0.4676,0.00221,0.00214,0.00222,0.00265,0.00795,0.00865,0.00799,0.00896,NA
2018-04-06,2018,96,NA,NA,NA,NA,NA,NA,NA,NA,NA,NA,NA,NA,NA,NA,NA,NA,NA,NA,NA,NA,NA,NA,NA,NA,NA,0,0,0,0,0.30225,0.30255,0.30349,0.30446,0.44182,0.44386,0.45639,0.46693,0.00232,0.00225,0.00226,0.0027,0.00835,0.00908,0.00839,0.00941,NA
2018-04-07,2018,97,NA,NA,NA,NA,NA,NA,NA,NA,NA,NA,NA,NA,NA,NA,NA,NA,NA,NA,NA,NA,NA,NA,NA,NA,NA,0,0,0,0,0.30236,0.30268,0.30365,0.30461,0.44174,0.44454,0.45606,0.46668,0.00242,0.00235,0.0023,0.00275,0.00871,0.00948,0.00875,0.00982,NA
2018-04-08,2018,98,66,grandrivergrass_2018_04_08_120008.jpg,119.47845,81.19208,67.8548,0.30236,0.44494,123.3236,5.43243,84.33413,3.92399,71.8238,7.97017,0.30171,0.00238,0.30198,0.30289,0.30407,0.44179,0.02177,0.447,0.45524,0.45867,56.96068,NA,0,0,0,0,0.30249,0.30284,0.30386,0.30481,0.44183,0.44525,0.45603,0.46689,0.00246,0.00239,0.00232,0.00277,0.00887,0.00964,0.0089,0.00999,NA
2018-04-09,2018,99,NA,NA,NA,NA,NA,NA,NA,NA,NA,NA,NA,NA,NA,NA,NA,NA,NA,NA,NA,NA,NA,NA,NA,NA,NA,0,0,0,0,0.30264,0.30303,0.30402,0.30495,0.44197,0.44593,0.45613,0.46739,0.00242,0.00235,0.0023,0.00275,0.00871,0.00948,0.00875,0.00982,NA
2018-04-10,2018,100,NA,NA,NA,NA,NA,NA,NA,NA,NA,NA,NA,NA,NA,NA,NA,NA,NA,NA,NA,NA,NA,NA,NA,NA,NA,0,0,0,0,0.30282,0.30324,0.30407,0.30497,0.44209,0.44652,0.45619,0.46794,0.00232,0.00225,0.00226,0.0027,0.00835,0.00908,0.00839,0.00941,NA
2018-04-11,2018,101,66,grandrivergrass_2018_04_11_120008.jpg,116.29021,75.13086,57.67109,0.30162,0.46686,127.54765,5.87266,84.91397,4.38577,67.22742,3.97739,0.30355,0.00128,0.30368,0.30444,0.30499,0.45614,0.00707,0.45659,0.46025,0.46588,58.04453,NA,0,0,0,0,0.30301,0.30346,0.30405,0.30491,0.44219,0.44701,0.45623,0.46851,0.00221,0.00214,0.00222,0.00265,0.00795,0.00865,0.00799,0.00896,NA
2018-04-12,2018,102,NA,NA,NA,NA,NA,NA,NA,NA,NA,NA,NA,NA,NA,NA,NA,NA,NA,NA,NA,NA,NA,NA,NA,NA,NA,0,0,0,0,0.30323,0.30371,0.30401,0.30483,0.44229,0.44741,0.45623,0.46904,0.00214,0.00207,0.0022,0.00262,0.0077,0.00837,0.00773,0.00867,NA
2018-04-13,2018,103,NA,NA,NA,NA,NA,NA,NA,NA,NA,NA,NA,NA,NA,NA,NA,NA,NA,NA,NA,NA,NA,NA,NA,NA,NA,0,0,0,0,0.30348,0.30398,0.304,0.30477,0.4424,0.44772,0.4562,0.46949,0.00214,0.00207,0.0022,0.00262,0.0077,0.00837,0.00773,0.00867,NA
2018-04-14,2018,104,66,grandrivergrass_2018_04_14_120007.jpg,131.36892,78.5364,55.88477,0.29548,0.49426,122.39239,9.46106,86.35074,6.99962,75.93835,18.34174,0.30314,0.00425,0.30477,0.30575,0.30684,0.43271,0.05011,0.44839,0.46143,0.50017,59.10519,NA,0,0,0,0,0.30376,0.30428,0.30405,0.30479,0.44252,0.44793,0.45612,0.46982,0.00221,0.00214,0.00222,0.00265,0.00795,0.00865,0.00799,0.00896,NA
2018-04-15,2018,105,NA,NA,NA,NA,NA,NA,NA,NA,NA,NA,NA,NA,NA,NA,NA,NA,NA,NA,NA,NA,NA,NA,NA,NA,NA,0,0,0,0,0.30409,0.30461,0.30423,0.30495,0.44267,0.44805,0.45602,0.46997,0.00232,0.00225,0.00226,0.0027,0.00835,0.00908,0.00839,0.00941,NA
2018-04-16,2018,106,NA,NA,NA,NA,NA,NA,NA,NA,NA,NA,NA,NA,NA,NA,NA,NA,NA,NA,NA,NA,NA,NA,NA,NA,NA,0,0,0,0,0.30445,0.30497,0.30457,0.30528,0.44286,0.44808,0.45587,0.4699,0.00242,0.00235,0.0023,0.00275,0.00871,0.00948,0.00875,0.00982,NA
2018-04-17,2018,107,68,grandrivergrass_2018_04_17_120008.jpg,125.62192,85.94391,68.98183,0.30634,0.44777,124.18453,6.75729,85.79694,5.53712,70.95814,7.32486,0.30534,0.0012,0.30547,0.30614,0.30654,0.44247,0.01525,0.44391,0.45127,0.45752,60.14023,NA,0,0,0,0,0.30487,0.30536,0.30513,0.30584,0.4431,0.44801,0.45568,0.46957,0.00246,0.00239,0.00232,0.00277,0.00887,0.00964,0.0089,0.00999,NA
2018-04-18,2018,108,NA,NA,NA,NA,NA,NA,NA,NA,NA,NA,NA,NA,NA,NA,NA,NA,NA,NA,NA,NA,NA,NA,NA,NA,NA,0,0,0,0,0.30526,0.30573,0.30577,0.3065,0.44357,0.44799,0.45554,0.46901,0.00242,0.00235,0.00231,0.00275,0.00871,0.00948,0.00875,0.00982,NA
2018-04-19,2018,109,NA,NA,NA,NA,NA,NA,NA,NA,NA,NA,NA,NA,NA,NA,NA,NA,NA,NA,NA,NA,NA,NA,NA,NA,NA,0,0,0,0,0.30561,0.30604,0.30637,0.30712,0.44436,0.44813,0.45552,0.46831,0.00232,0.00225,0.00228,0.00272,0.00835,0.00908,0.00839,0.00941,NA
2018-04-20,2018,110,72,grandrivergrass_2018_04_20_120007.jpg,129.66881,89.76908,72.64265,0.30734,0.44395,123.39254,5.20761,84.56618,3.89601,68.27933,4.387,0.3061,0.00119,0.30617,0.30692,0.30747,0.44683,0.01023,0.44743,0.4531,0.45661,61.14802,NA,0,0,0,0,0.30595,0.30633,0.30698,0.30775,0.44536,0.44836,0.45556,0.4675,0.00221,0.00214,0.00225,0.00268,0.00795,0.00865,0.00799,0.00896,NA
2018-04-21,2018,111,NA,NA,NA,NA,NA,NA,NA,NA,NA,NA,NA,NA,NA,NA,NA,NA,NA,NA,NA,NA,NA,NA,NA,NA,NA,0,0,0,0,0.30633,0.30665,0.30763,0.30843,0.44646,0.44864,0.45563,0.46661,0.00214,0.00207,0.00224,0.00267,0.0077,0.00837,0.00773,0.00867,NA
2018-04-22,2018,112,NA,NA,NA,NA,NA,NA,NA,NA,NA,NA,NA,NA,NA,NA,NA,NA,NA,NA,NA,NA,NA,NA,NA,NA,NA,0,0,0,0,0.30679,0.30706,0.30837,0.3092,0.44755,0.44891,0.45568,0.46566,0.00214,0.00207,0.00225,0.00269,0.0077,0.00837,0.00773,0.00867,NA
2018-04-23,2018,113,72,grandrivergrass_2018_04_23_120008.jpg,131.30365,90.83358,72.02053,0.30879,0.44637,125.33281,7.2283,85.92826,5.09693,67.56736,5.14052,0.30813,0.00144,0.3081,0.30912,0.30982,0.44962,0.01165,0.45095,0.45566,0.45859,62.15388,NA,0,0,0,0,0.30738,0.30759,0.30924,0.31012,0.44852,0.44911,0.45567,0.4647,0.00221,0.00214,0.00229,0.00273,0.00795,0.00865,0.00799,0.00896,NA
2018-04-24,2018,114,NA,NA,NA,NA,NA,NA,NA,NA,NA,NA,NA,NA,NA,NA,NA,NA,NA,NA,NA,NA,NA,NA,NA,NA,NA,0,0,0,0,0.30815,0.3083,0.31029,0.31122,0.44926,0.44919,0.45555,0.46375,0.00232,0.00225,0.00234,0.00279,0.00835,0.00908,0.00839,0.00941,NA
2018-04-25,2018,115,NA,NA,NA,NA,NA,NA,NA,NA,NA,NA,NA,NA,NA,NA,NA,NA,NA,NA,NA,NA,NA,NA,NA,NA,NA,0,0,0,0,0.30914,0.30924,0.31156,0.31255,0.44965,0.4491,0.45528,0.46284,0.00242,0.00235,0.00238,0.00284,0.00871,0.00948,0.00875,0.00982,NA
2018-04-26,2018,116,72,grandrivergrass_2018_04_26_120008.jpg,124.06448,85.43261,65.7122,0.31043,0.4508,123.86347,5.66127,85.02338,3.71102,65.3195,5.0505,0.31003,0.0026,0.31064,0.31149,0.31258,0.45188,0.01619,0.44973,0.45954,0.47785,63.12684,NA,0,0,0,0,0.3104,0.31045,0.31308,0.31416,0.44959,0.44879,0.45482,0.462,0.00246,0.00239,0.00239,0.00285,0.00887,0.00964,0.0089,0.00999,NA
2018-04-27,2018,117,NA,NA,NA,NA,NA,NA,NA,NA,NA,NA,NA,NA,NA,NA,NA,NA,NA,NA,NA,NA,NA,NA,NA,NA,NA,0,0,0,0,0.31192,0.31193,0.31479,0.31596,0.44906,0.44822,0.4541,0.46105,0.00242,0.00235,0.00237,0.00283,0.00871,0.00948,0.00875,0.00982,NA
2018-04-28,2018,118,NA,NA,NA,NA,NA,NA,NA,NA,NA,NA,NA,NA,NA,NA,NA,NA,NA,NA,NA,NA,NA,NA,NA,NA,NA,0,0,0,0,0.31366,0.31364,0.31658,0.31785,0.44816,0.44743,0.45314,0.45981,0.00232,0.00225,0.00236,0.00281,0.00837,0.0091,0.0084,0.00943,NA
2018-04-29,2018,119,72,grandrivergrass_2018_04_29_120008.jpg,115.8824,80.10756,60.88117,0.31186,0.45113,120.7936,6.38945,84.6724,4.87528,64.7683,5.19764,0.3133,0.00168,0.31317,0.31426,0.31557,0.4472,0.01123,0.44866,0.45141,0.45417,64.06338,NA,0,0,0,0,0.31561,0.31555,0.31848,0.31985,0.44696,0.44648,0.45199,0.45834,0.00223,0.00216,0.00236,0.00281,0.00802,0.00872,0.00806,0.00904,NA
2018-04-30,2018,120,NA,NA,NA,NA,NA,NA,NA,NA,NA,NA,NA,NA,NA,NA,NA,NA,NA,NA,NA,NA,NA,NA,NA,NA,NA,0,0,0,0,0.31775,0.31767,0.32051,0.32199,0.44556,0.44539,0.45071,0.4567,0.00218,0.00212,0.00238,0.00284,0.00786,0.00854,0.00789,0.00885,NA
2018-05-01,2018,121,NA,NA,NA,NA,NA,NA,NA,NA,NA,NA,NA,NA,NA,NA,NA,NA,NA,NA,NA,NA,NA,NA,NA,NA,NA,0,0,0,0,0.32007,0.31996,0.32267,0.32428,0.44401,0.44423,0.44933,0.45495,0.00221,0.00215,0.00241,0.00288,0.00797,0.00867,0.008,0.00898,NA
2018-05-02,2018,122,67,grandrivergrass_2018_05_02_120008.jpg,106.54078,78.24656,59.15061,0.32076,0.43675,116.1752,5.95661,85.39873,4.04332,62.63834,4.66315,0.32326,0.00408,0.32276,0.32583,0.32913,0.4398,0.01162,0.43805,0.446,0.45473,64.962,NA,0,0,0,0,0.32257,0.32244,0.325,0.32675,0.44241,0.44302,0.44791,0.45315,0.00231,0.00224,0.00245,0.00293,0.00833,0.00906,0.00836,0.00938,NA
2018-05-03,2018,123,NA,NA,NA,NA,NA,NA,NA,NA,NA,NA,NA,NA,NA,NA,NA,NA,NA,NA,NA,NA,NA,NA,NA,NA,NA,0,0,0,0,0.32522,0.32507,0.32752,0.32941,0.44082,0.44181,0.44651,0.45136,0.00244,0.00236,0.00248,0.00297,0.00877,0.00954,0.00881,0.00989,NA
2018-05-04,2018,124,NA,NA,NA,NA,NA,NA,NA,NA,NA,NA,NA,NA,NA,NA,NA,NA,NA,NA,NA,NA,NA,NA,NA,NA,NA,0,0,0,0,0.32802,0.32785,0.33023,0.3323,0.43933,0.44065,0.44518,0.44964,0.00253,0.00246,0.00249,0.00297,0.00912,0.00992,0.00916,0.01028,NA
2018-05-05,2018,125,72,grandrivergrass_2018_05_05_120009.jpg,111.45069,81.21209,55.97049,0.32663,0.44825,115.45845,6.15618,87.68734,3.61935,61.19142,3.97154,0.33172,0.00353,0.33143,0.33429,0.33597,0.43673,0.01429,0.44003,0.44355,0.44626,65.8191,NA,0,0,0,0,0.33096,0.33077,0.33316,0.33542,0.43801,0.43958,0.44396,0.44804,0.00255,0.00247,0.00245,0.00293,0.00918,0.00999,0.00922,0.01035,NA
2018-05-06,2018,126,NA,NA,NA,NA,NA,NA,NA,NA,NA,NA,NA,NA,NA,NA,NA,NA,NA,NA,NA,NA,NA,NA,NA,NA,NA,0,0,0,0,0.33405,0.33387,0.33629,0.33877,0.43686,0.43865,0.44289,0.44663,0.0025,0.00242,0.00241,0.00288,0.00899,0.00978,0.00903,0.01013,NA
2018-05-07,2018,127,NA,NA,NA,NA,NA,NA,NA,NA,NA,NA,NA,NA,NA,NA,NA,NA,NA,NA,NA,NA,NA,NA,NA,NA,NA,0,0,0,0,0.3373,0.33715,0.3396,0.34229,0.43579,0.43784,0.44191,0.44539,0.00243,0.00236,0.00241,0.00287,0.00877,0.00954,0.00881,0.00988,NA
2018-05-08,2018,128,72,grandrivergrass_2018_05_08_120008.jpg,117.54729,93.4912,65.28043,0.33835,0.4254,114.07385,5.17163,88.71349,4.14486,58.51146,3.72403,0.33953,0.00441,0.33911,0.34283,0.34447,0.43665,0.00753,0.43778,0.44165,0.44427,66.63316,NA,0,0,0,0,0.34068,0.34057,0.34305,0.34598,0.43476,0.43706,0.441,0.44429,0.0024,0.00233,0.00246,0.00293,0.00866,0.00942,0.0087,0.00976,NA
2018-05-09,2018,129,NA,NA,NA,NA,NA,NA,NA,NA,NA,NA,NA,NA,NA,NA,NA,NA,NA,NA,NA,NA,NA,NA,NA,NA,NA,0,0,0,0,0.34417,0.34409,0.34663,0.34982,0.43374,0.43623,0.4401,0.44329,0.00242,0.00235,0.00257,0.00307,0.00873,0.00949,0.00877,0.00984,NA
2018-05-10,2018,130,NA,NA,NA,NA,NA,NA,NA,NA,NA,NA,NA,NA,NA,NA,NA,NA,NA,NA,NA,NA,NA,NA,NA,NA,NA,0,0,0,0,0.34774,0.34764,0.35032,0.35379,0.43268,0.43526,0.43917,0.44235,0.00249,0.00241,0.00277,0.0033,0.00896,0.00974,0.00899,0.01009,NA
2018-05-11,2018,131,72,grandrivergrass_2018_05_11_120008.jpg,104.39474,84.49455,51.92218,0.35087,0.43351,109.1784,6.03663,89.33113,2.69509,54.53108,3.71114,0.35326,0.00856,0.35431,0.35844,0.36157,0.43133,0.01251,0.43608,0.43934,0.44366,67.40055,NA,0,0,0,0,0.35137,0.35118,0.35409,0.35787,0.43156,0.43407,0.43816,0.44143,0.0026,0.00252,0.00306,0.00366,0.00936,0.01018,0.0094,0.01055,NA
2018-05-12,2018,132,NA,NA,NA,NA,NA,NA,NA,NA,NA,NA,NA,NA,NA,NA,NA,NA,NA,NA,NA,NA,NA,NA,NA,NA,NA,0,0,0,0,0.35503,0.35466,0.35792,0.36205,0.43032,0.43257,0.43703,0.44048,0.00282,0.00274,0.00348,0.00415,0.01017,0.01106,0.01021,0.01146,NA
2018-05-13,2018,133,NA,NA,NA,NA,NA,NA,NA,NA,NA,NA,NA,NA,NA,NA,NA,NA,NA,NA,NA,NA,NA,NA,NA,NA,NA,0,0,0,0,0.3587,0.35802,0.3618,0.36632,0.42894,0.43069,0.43573,0.43947,0.00332,0.00322,0.00404,0.00482,0.01196,0.013,0.01201,0.01347,NA
2018-05-14,2018,134,56,grandrivergrass_2018_05_14_120008.jpg,113.20789,93.0017,53.80026,0.35769,0.4354,105.972,5.4689,89.7043,3.40422,52.2558,2.61183,0.36188,0.0047,0.36033,0.36387,0.36971,0.42729,0.00831,0.42761,0.4337,0.43738,67.88582,NA,0,0,0,0,0.36235,0.36123,0.36571,0.37066,0.42736,0.42834,0.43422,0.43836,0.00429,0.00416,0.00476,0.00568,0.01546,0.01681,0.01552,0.01742,NA
2018-05-15,2018,135,NA,NA,NA,NA,NA,NA,NA,NA,NA,NA,NA,NA,NA,NA,NA,NA,NA,NA,NA,NA,NA,NA,NA,NA,NA,0,0,0,0,0.36565,0.36401,0.36923,0.37464,0.42598,0.42604,0.43281,0.43728,0.02,0.02,0.02,0.02,0.02,0.02,0.02,0.02,1
2018-05-16,2018,136,NA,NA,NA,NA,NA,NA,NA,NA,NA,NA,NA,NA,NA,NA,NA,NA,NA,NA,NA,NA,NA,NA,NA,NA,NA,0,0,0,0,0.36835,0.36621,0.37208,0.37793,0.42516,0.42435,0.43184,0.43642,0.02,0.02,0.02,0.02,0.02,0.02,0.02,0.02,1
2018-05-17,2018,137,NA,NA,NA,NA,NA,NA,NA,NA,NA,NA,NA,NA,NA,NA,NA,NA,NA,NA,NA,NA,NA,NA,NA,NA,NA,0,0,0,0,0.37052,0.36794,0.37436,0.38066,0.42482,0.42322,0.43127,0.43581,0.02,0.02,0.02,0.02,0.02,0.02,0.02,0.02,1
2018-05-18,2018,138,NA,NA,NA,NA,NA,NA,NA,NA,NA,NA,NA,NA,NA,NA,NA,NA,NA,NA,NA,NA,NA,NA,NA,NA,NA,0,0,0,0,0.37225,0.36929,0.37619,0.38294,0.42491,0.42261,0.43108,0.43547,0.02,0.02,0.02,0.02,0.02,0.02,0.02,0.02,1
2018-05-19,2018,139,NA,NA,NA,NA,NA,NA,NA,NA,NA,NA,NA,NA,NA,NA,NA,NA,NA,NA,NA,NA,NA,NA,NA,NA,NA,0,0,0,0,0.37364,0.37037,0.37769,0.38489,0.42536,0.42249,0.43124,0.43542,0.02,0.02,0.02,0.02,0.02,0.02,0.02,0.02,1
2018-05-20,2018,140,NA,NA,NA,NA,NA,NA,NA,NA,NA,NA,NA,NA,NA,NA,NA,NA,NA,NA,NA,NA,NA,NA,NA,NA,NA,0,0,0,0,0.37476,0.37127,0.37897,0.38665,0.42609,0.4228,0.43173,0.43568,0.02,0.02,0.02,0.02,0.02,0.02,0.02,0.02,1
2018-05-21,2018,141,NA,NA,NA,NA,NA,NA,NA,NA,NA,NA,NA,NA,NA,NA,NA,NA,NA,NA,NA,NA,NA,NA,NA,NA,NA,0,0,0,0,0.37571,0.37211,0.38016,0.38832,0.42705,0.42351,0.43252,0.43627,0.02,0.02,0.02,0.02,0.02,0.02,0.02,0.02,1
2018-05-22,2018,142,NA,NA,NA,NA,NA,NA,NA,NA,NA,NA,NA,NA,NA,NA,NA,NA,NA,NA,NA,NA,NA,NA,NA,NA,NA,0,0,0,0,0.37656,0.37299,0.38136,0.39002,0.42815,0.42458,0.43357,0.43723,0.02,0.02,0.02,0.02,0.02,0.02,0.02,0.02,1
2018-05-23,2018,143,NA,NA,NA,NA,NA,NA,NA,NA,NA,NA,NA,NA,NA,NA,NA,NA,NA,NA,NA,NA,NA,NA,NA,NA,NA,0,0,0,0,0.37742,0.37401,0.38269,0.39189,0.42935,0.42597,0.43487,0.43858,0.02,0.02,0.02,0.02,0.02,0.02,0.02,0.02,1
2018-05-24,2018,144,NA,NA,NA,NA,NA,NA,NA,NA,NA,NA,NA,NA,NA,NA,NA,NA,NA,NA,NA,NA,NA,NA,NA,NA,NA,0,0,0,0,0.37819,0.37508,0.38391,0.39354,0.43062,0.42765,0.43638,0.44024,0.02,0.02,0.02,0.02,0.02,0.02,0.02,0.02,1
2018-05-25,2018,145,NA,NA,NA,NA,NA,NA,NA,NA,NA,NA,NA,NA,NA,NA,NA,NA,NA,NA,NA,NA,NA,NA,NA,NA,NA,0,0,0,0,0.37876,0.37605,0.38473,0.39457,0.43196,0.42956,0.43804,0.44207,0.02,0.02,0.02,0.02,0.02,0.02,0.02,0.02,1
2018-05-26,2018,146,NA,NA,NA,NA,NA,NA,NA,NA,NA,NA,NA,NA,NA,NA,NA,NA,NA,NA,NA,NA,NA,NA,NA,NA,NA,0,0,0,0,0.37916,0.3769,0.38521,0.39511,0.43333,0.43159,0.43976,0.44397,0.02,0.02,0.02,0.02,0.02,0.02,0.02,0.02,1
2018-05-27,2018,147,NA,NA,NA,NA,NA,NA,NA,NA,NA,NA,NA,NA,NA,NA,NA,NA,NA,NA,NA,NA,NA,NA,NA,NA,NA,0,0,0,0,0.3794,0.37763,0.38542,0.39524,0.43467,0.43362,0.44144,0.44585,0.02,0.02,0.02,0.02,0.02,0.02,0.02,0.02,1
2018-05-28,2018,148,NA,NA,NA,NA,NA,NA,NA,NA,NA,NA,NA,NA,NA,NA,NA,NA,NA,NA,NA,NA,NA,NA,NA,NA,NA,0,0,0,0,0.3795,0.37821,0.38544,0.39508,0.43593,0.43555,0.44302,0.44762,0.02,0.02,0.02,0.02,0.02,0.02,0.02,0.02,1
2018-05-29,2018,149,NA,NA,NA,NA,NA,NA,NA,NA,NA,NA,NA,NA,NA,NA,NA,NA,NA,NA,NA,NA,NA,NA,NA,NA,NA,0,0,0,0,0.37948,0.37864,0.38534,0.39472,0.43705,0.43725,0.44439,0.44917,0.02,0.02,0.02,0.02,0.02,0.02,0.02,0.02,1
2018-05-30,2018,150,NA,NA,NA,NA,NA,NA,NA,NA,NA,NA,NA,NA,NA,NA,NA,NA,NA,NA,NA,NA,NA,NA,NA,NA,NA,0,0,0,0,0.37936,0.3789,0.38518,0.39428,0.43798,0.43861,0.44548,0.45041,0.02,0.02,0.02,0.02,0.02,0.02,0.02,0.02,1
2018-05-31,2018,151,NA,NA,NA,NA,NA,NA,NA,NA,NA,NA,NA,NA,NA,NA,NA,NA,NA,NA,NA,NA,NA,NA,NA,NA,NA,0,0,0,0,0.37916,0.37897,0.38504,0.39384,0.43867,0.43953,0.44619,0.45124,0.02,0.02,0.02,0.02,0.02,0.02,0.02,0.02,1
2018-06-01,2018,152,NA,NA,NA,NA,NA,NA,NA,NA,NA,NA,NA,NA,NA,NA,NA,NA,NA,NA,NA,NA,NA,NA,NA,NA,NA,0,0,0,0,0.3789,0.37886,0.38498,0.39353,0.43907,0.43989,0.44644,0.45158,0.02,0.02,0.02,0.02,0.02,0.02,0.02,0.02,1
2018-06-02,2018,153,NA,NA,NA,NA,NA,NA,NA,NA,NA,NA,NA,NA,NA,NA,NA,NA,NA,NA,NA,NA,NA,NA,NA,NA,NA,0,0,0,0,0.37848,0.37849,0.38473,0.39293,0.43939,0.44,0.44647,0.45168,0.02,0.02,0.02,0.02,0.02,0.02,0.02,0.02,1
2018-06-03,2018,154,NA,NA,NA,NA,NA,NA,NA,NA,NA,NA,NA,NA,NA,NA,NA,NA,NA,NA,NA,NA,NA,NA,NA,NA,NA,0,0,0,0,0.37781,0.37786,0.38405,0.39171,0.43986,0.44026,0.44658,0.45187,0.02,0.02,0.02,0.02,0.02,0.02,0.02,0.02,1
2018-06-04,2018,155,NA,NA,NA,NA,NA,NA,NA,NA,NA,NA,NA,NA,NA,NA,NA,NA,NA,NA,NA,NA,NA,NA,NA,NA,NA,0,0,0,0,0.37697,0.37705,0.38306,0.39003,0.44048,0.44065,0.44679,0.45216,0.02,0.02,0.02,0.02,0.02,0.02,0.02,0.02,1
2018-06-05,2018,156,NA,NA,NA,NA,NA,NA,NA,NA,NA,NA,NA,NA,NA,NA,NA,NA,NA,NA,NA,NA,NA,NA,NA,NA,NA,0,0,0,0,0.37601,0.37612,0.38187,0.38809,0.4412,0.44118,0.4471,0.45255,0.02,0.02,0.02,0.02,0.02,0.02,0.02,0.02,1
2018-06-06,2018,157,NA,NA,NA,NA,NA,NA,NA,NA,NA,NA,NA,NA,NA,NA,NA,NA,NA,NA,NA,NA,NA,NA,NA,NA,NA,0,0,0,0,0.37501,0.37512,0.3806,0.38605,0.44203,0.44183,0.44752,0.45303,0.02,0.02,0.02,0.02,0.02,0.02,0.02,0.02,1
2018-06-07,2018,158,NA,NA,NA,NA,NA,NA,NA,NA,NA,NA,NA,NA,NA,NA,NA,NA,NA,NA,NA,NA,NA,NA,NA,NA,NA,0,0,0,0,0.37402,0.37413,0.37935,0.38409,0.44293,0.4426,0.44806,0.45362,0.02,0.02,0.02,0.02,0.02,0.02,0.02,0.02,1
2018-06-08,2018,159,NA,NA,NA,NA,NA,NA,NA,NA,NA,NA,NA,NA,NA,NA,NA,NA,NA,NA,NA,NA,NA,NA,NA,NA,NA,0,0,0,0,0.37311,0.37321,0.37825,0.38239,0.44388,0.44349,0.44874,0.45431,0.02,0.02,0.02,0.02,0.02,0.02,0.02,0.02,1
2018-06-09,2018,160,NA,NA,NA,NA,NA,NA,NA,NA,NA,NA,NA,NA,NA,NA,NA,NA,NA,NA,NA,NA,NA,NA,NA,NA,NA,0,0,0,0,0.37234,0.37242,0.37741,0.38113,0.44487,0.44449,0.44956,0.4551,0.02,0.02,0.02,0.02,0.02,0.02,0.02,0.02,1
2018-06-10,2018,161,NA,NA,NA,NA,NA,NA,NA,NA,NA,NA,NA,NA,NA,NA,NA,NA,NA,NA,NA,NA,NA,NA,NA,NA,NA,0,0,0,0,0.37179,0.37184,0.37695,0.38049,0.44587,0.44559,0.45053,0.456,0.02,0.02,0.02,0.02,0.02,0.02,0.02,0.02,1
2018-06-11,2018,162,NA,NA,NA,NA,NA,NA,NA,NA,NA,NA,NA,NA,NA,NA,NA,NA,NA,NA,NA,NA,NA,NA,NA,NA,NA,0,0,0,0,0.37141,0.37142,0.3767,0.38021,0.44695,0.44688,0.45174,0.45712,0.02,0.02,0.02,0.02,0.02,0.02,0.02,0.02,1
2018-06-12,2018,163,NA,NA,NA,NA,NA,NA,NA,NA,NA,NA,NA,NA,NA,NA,NA,NA,NA,NA,NA,NA,NA,NA,NA,NA,NA,0,0,0,0,0.37112,0.37108,0.37644,0.37995,0.44818,0.4484,0.45322,0.45851,0.02,0.02,0.02,0.02,0.02,0.02,0.02,0.02,1
2018-06-13,2018,164,NA,NA,NA,NA,NA,NA,NA,NA,NA,NA,NA,NA,NA,NA,NA,NA,NA,NA,NA,NA,NA,NA,NA,NA,NA,0,0,0,0,0.37092,0.37083,0.37618,0.3797,0.4495,0.45008,0.45489,0.46008,0.02,0.02,0.02,0.02,0.02,0.02,0.02,0.02,1
2018-06-14,2018,165,NA,NA,NA,NA,NA,NA,NA,NA,NA,NA,NA,NA,NA,NA,NA,NA,NA,NA,NA,NA,NA,NA,NA,NA,NA,0,0,0,0,0.37078,0.37064,0.37593,0.37946,0.45086,0.45183,0.45666,0.46177,0.02,0.02,0.02,0.02,0.02,0.02,0.02,0.02,1
2018-06-15,2018,166,NA,NA,NA,NA,NA,NA,NA,NA,NA,NA,NA,NA,NA,NA,NA,NA,NA,NA,NA,NA,NA,NA,NA,NA,NA,0,0,0,0,0.3707,0.37051,0.37568,0.37924,0.45221,0.45357,0.45845,0.46349,0.02,0.02,0.02,0.02,0.02,0.02,0.02,0.02,1
2018-06-16,2018,167,NA,NA,NA,NA,NA,NA,NA,NA,NA,NA,NA,NA,NA,NA,NA,NA,NA,NA,NA,NA,NA,NA,NA,NA,NA,0,0,0,0,0.37068,0.37044,0.37546,0.37904,0.4535,0.45523,0.46018,0.46518,0.02,0.02,0.02,0.02,0.02,0.02,0.02,0.02,1
2018-06-17,2018,168,NA,NA,NA,NA,NA,NA,NA,NA,NA,NA,NA,NA,NA,NA,NA,NA,NA,NA,NA,NA,NA,NA,NA,NA,NA,0,0,0,0,0.37068,0.37042,0.37527,0.37886,0.45467,0.45672,0.46176,0.46674,0.02,0.02,0.02,0.02,0.02,0.02,0.02,0.02,1
2018-06-18,2018,169,NA,NA,NA,NA,NA,NA,NA,NA,NA,NA,NA,NA,NA,NA,NA,NA,NA,NA,NA,NA,NA,NA,NA,NA,NA,0,0,0,0,0.37071,0.37044,0.37512,0.37872,0.45568,0.45797,0.46312,0.4681,0.02,0.02,0.02,0.02,0.02,0.02,0.02,0.02,1
2018-06-19,2018,170,NA,NA,NA,NA,NA,NA,NA,NA,NA,NA,NA,NA,NA,NA,NA,NA,NA,NA,NA,NA,NA,NA,NA,NA,NA,0,0,0,0,0.37075,0.37049,0.37501,0.3786,0.45649,0.4589,0.46417,0.46918,0.02,0.02,0.02,0.02,0.02,0.02,0.02,0.02,1
2018-06-20,2018,171,NA,NA,NA,NA,NA,NA,NA,NA,NA,NA,NA,NA,NA,NA,NA,NA,NA,NA,NA,NA,NA,NA,NA,NA,NA,0,0,0,0,0.37085,0.37064,0.375,0.37856,0.45705,0.45949,0.46489,0.46997,0.02,0.02,0.02,0.02,0.02,0.02,0.02,0.02,1
2018-06-21,2018,172,NA,NA,NA,NA,NA,NA,NA,NA,NA,NA,NA,NA,NA,NA,NA,NA,NA,NA,NA,NA,NA,NA,NA,NA,NA,0,0,0,0,0.37105,0.3709,0.37509,0.37863,0.4574,0.4598,0.46535,0.4705,0.02,0.02,0.02,0.02,0.02,0.02,0.02,0.02,1
2018-06-22,2018,173,NA,NA,NA,NA,NA,NA,NA,NA,NA,NA,NA,NA,NA,NA,NA,NA,NA,NA,NA,NA,NA,NA,NA,NA,NA,0,0,0,0,0.37132,0.37126,0.37527,0.37878,0.45757,0.45987,0.46557,0.4708,0.02,0.02,0.02,0.02,0.02,0.02,0.02,0.02,1
2018-06-23,2018,174,NA,NA,NA,NA,NA,NA,NA,NA,NA,NA,NA,NA,NA,NA,NA,NA,NA,NA,NA,NA,NA,NA,NA,NA,NA,0,0,0,0,0.37163,0.37167,0.37549,0.37897,0.45757,0.45974,0.46558,0.47088,0.02,0.02,0.02,0.02,0.02,0.02,0.02,0.02,1
2018-06-24,2018,175,NA,NA,NA,NA,NA,NA,NA,NA,NA,NA,NA,NA,NA,NA,NA,NA,NA,NA,NA,NA,NA,NA,NA,NA,NA,0,0,0,0,0.37196,0.3721,0.37573,0.37918,0.45744,0.45945,0.46542,0.47077,0.02,0.02,0.02,0.02,0.02,0.02,0.02,0.02,1
2018-06-25,2018,176,NA,NA,NA,NA,NA,NA,NA,NA,NA,NA,NA,NA,NA,NA,NA,NA,NA,NA,NA,NA,NA,NA,NA,NA,NA,0,0,0,0,0.37228,0.37252,0.37595,0.37938,0.4572,0.45904,0.4651,0.47048,0.02,0.02,0.02,0.02,0.02,0.02,0.02,0.02,1
2018-06-26,2018,177,NA,NA,NA,NA,NA,NA,NA,NA,NA,NA,NA,NA,NA,NA,NA,NA,NA,NA,NA,NA,NA,NA,NA,NA,NA,0,0,0,0,0.37258,0.37289,0.37613,0.37952,0.45687,0.45856,0.46467,0.47003,0.02,0.02,0.02,0.02,0.02,0.02,0.02,0.02,1
2018-06-27,2018,178,NA,NA,NA,NA,NA,NA,NA,NA,NA,NA,NA,NA,NA,NA,NA,NA,NA,NA,NA,NA,NA,NA,NA,NA,NA,0,0,0,0,0.37281,0.37317,0.37622,0.37958,0.45649,0.45804,0.46416,0.46945,0.02,0.02,0.02,0.02,0.02,0.02,0.02,0.02,1
2018-06-28,2018,179,NA,NA,NA,NA,NA,NA,NA,NA,NA,NA,NA,NA,NA,NA,NA,NA,NA,NA,NA,NA,NA,NA,NA,NA,NA,0,0,0,0,0.37296,0.37334,0.3762,0.37954,0.45606,0.45753,0.46359,0.46875,0.02,0.02,0.02,0.02,0.02,0.02,0.02,0.02,1
2018-06-29,2018,180,NA,NA,NA,NA,NA,NA,NA,NA,NA,NA,NA,NA,NA,NA,NA,NA,NA,NA,NA,NA,NA,NA,NA,NA,NA,0,0,0,0,0.37301,0.37337,0.37612,0.37943,0.4556,0.45701,0.46293,0.46792,0.02,0.02,0.02,0.02,0.02,0.02,0.02,0.02,1
2018-06-30,2018,181,NA,NA,NA,NA,NA,NA,NA,NA,NA,NA,NA,NA,NA,NA,NA,NA,NA,NA,NA,NA,NA,NA,NA,NA,NA,0,0,0,0,0.37298,0.37329,0.37605,0.37932,0.45508,0.45643,0.46218,0.46694,0.02,0.02,0.02,0.02,0.02,0.02,0.02,0.02,1
2018-07-01,2018,182,NA,NA,NA,NA,NA,NA,NA,NA,NA,NA,NA,NA,NA,NA,NA,NA,NA,NA,NA,NA,NA,NA,NA,NA,NA,0,0,0,0,0.37286,0.37312,0.37599,0.37921,0.45453,0.45582,0.46135,0.46586,0.02,0.02,0.02,0.02,0.02,0.02,0.02,0.02,1
2018-07-02,2018,183,NA,NA,NA,NA,NA,NA,NA,NA,NA,NA,NA,NA,NA,NA,NA,NA,NA,NA,NA,NA,NA,NA,NA,NA,NA,0,0,0,0,0.37267,0.37286,0.3759,0.37907,0.45397,0.4552,0.4605,0.46475,0.02,0.02,0.02,0.02,0.02,0.02,0.02,0.02,1
2018-07-03,2018,184,NA,NA,NA,NA,NA,NA,NA,NA,NA,NA,NA,NA,NA,NA,NA,NA,NA,NA,NA,NA,NA,NA,NA,NA,NA,0,0,0,0,0.37242,0.37254,0.3758,0.37892,0.45341,0.45459,0.45966,0.46366,0.02,0.02,0.02,0.02,0.02,0.02,0.02,0.02,1
2018-07-04,2018,185,NA,NA,NA,NA,NA,NA,NA,NA,NA,NA,NA,NA,NA,NA,NA,NA,NA,NA,NA,NA,NA,NA,NA,NA,NA,0,0,0,0,0.37212,0.37217,0.37566,0.37873,0.45288,0.45402,0.45886,0.46264,0.02,0.02,0.02,0.02,0.02,0.02,0.02,0.02,1
2018-07-05,2018,186,NA,NA,NA,NA,NA,NA,NA,NA,NA,NA,NA,NA,NA,NA,NA,NA,NA,NA,NA,NA,NA,NA,NA,NA,NA,0,0,0,0,0.37178,0.37176,0.37548,0.37849,0.4524,0.45351,0.45814,0.46174,0.02,0.02,0.02,0.02,0.02,0.02,0.02,0.02,1
2018-07-06,2018,187,NA,NA,NA,NA,NA,NA,NA,NA,NA,NA,NA,NA,NA,NA,NA,NA,NA,NA,NA,NA,NA,NA,NA,NA,NA,0,0,0,0,0.3714,0.37133,0.37524,0.37821,0.45199,0.45308,0.45754,0.46103,0.02,0.02,0.02,0.02,0.02,0.02,0.02,0.02,1
2018-07-07,2018,188,NA,NA,NA,NA,NA,NA,NA,NA,NA,NA,NA,NA,NA,NA,NA,NA,NA,NA,NA,NA,NA,NA,NA,NA,NA,0,0,0,0,0.37101,0.37089,0.37493,0.37786,0.45166,0.45276,0.4571,0.46055,0.02,0.02,0.02,0.02,0.02,0.02,0.02,0.02,1
2018-07-08,2018,189,NA,NA,NA,NA,NA,NA,NA,NA,NA,NA,NA,NA,NA,NA,NA,NA,NA,NA,NA,NA,NA,NA,NA,NA,NA,0,0,0,0,0.37062,0.37048,0.37454,0.37742,0.4514,0.45251,0.45678,0.46026,0.02,0.02,0.02,0.02,0.02,0.02,0.02,0.02,1
2018-07-09,2018,190,NA,NA,NA,NA,NA,NA,NA,NA,NA,NA,NA,NA,NA,NA,NA,NA,NA,NA,NA,NA,NA,NA,NA,NA,NA,0,0,0,0,0.37025,0.3701,0.37406,0.37689,0.45114,0.4523,0.45651,0.46009,0.02,0.02,0.02,0.02,0.02,0.02,0.02,0.02,1
2018-07-10,2018,191,NA,NA,NA,NA,NA,NA,NA,NA,NA,NA,NA,NA,NA,NA,NA,NA,NA,NA,NA,NA,NA,NA,NA,NA,NA,0,0,0,0,0.36988,0.36974,0.37352,0.37628,0.45089,0.45212,0.4563,0.45999,0.02,0.02,0.02,0.02,0.02,0.02,0.02,0.02,1
2018-07-11,2018,192,NA,NA,NA,NA,NA,NA,NA,NA,NA,NA,NA,NA,NA,NA,NA,NA,NA,NA,NA,NA,NA,NA,NA,NA,NA,0,0,0,0,0.36951,0.36938,0.37292,0.37562,0.45064,0.45195,0.45613,0.45995,0.02,0.02,0.02,0.02,0.02,0.02,0.02,0.02,1
2018-07-12,2018,193,NA,NA,NA,NA,NA,NA,NA,NA,NA,NA,NA,NA,NA,NA,NA,NA,NA,NA,NA,NA,NA,NA,NA,NA,NA,0,0,0,0,0.36912,0.36901,0.37228,0.37493,0.45039,0.45179,0.45598,0.45995,0.02,0.02,0.02,0.02,0.02,0.02,0.02,0.02,1
2018-07-13,2018,194,NA,NA,NA,NA,NA,NA,NA,NA,NA,NA,NA,NA,NA,NA,NA,NA,NA,NA,NA,NA,NA,NA,NA,NA,NA,0,0,0,0,0.36871,0.36862,0.37162,0.37422,0.45013,0.45164,0.45585,0.45995,0.02,0.02,0.02,0.02,0.02,0.02,0.02,0.02,1
2018-07-14,2018,195,NA,NA,NA,NA,NA,NA,NA,NA,NA,NA,NA,NA,NA,NA,NA,NA,NA,NA,NA,NA,NA,NA,NA,NA,NA,0,0,0,0,0.36826,0.36819,0.37095,0.37351,0.44986,0.45147,0.45572,0.45993,0.02,0.02,0.02,0.02,0.02,0.02,0.02,0.02,1
2018-07-15,2018,196,NA,NA,NA,NA,NA,NA,NA,NA,NA,NA,NA,NA,NA,NA,NA,NA,NA,NA,NA,NA,NA,NA,NA,NA,NA,0,0,0,0,0.36777,0.36771,0.37028,0.37283,0.44958,0.45129,0.45558,0.45987,0.02,0.02,0.02,0.02,0.02,0.02,0.02,0.02,1
2018-07-16,2018,197,NA,NA,NA,NA,NA,NA,NA,NA,NA,NA,NA,NA,NA,NA,NA,NA,NA,NA,NA,NA,NA,NA,NA,NA,NA,0,0,0,0,0.36722,0.36716,0.36965,0.37219,0.44928,0.45109,0.45541,0.45975,0.02,0.02,0.02,0.02,0.02,0.02,0.02,0.02,1
2018-07-17,2018,198,NA,NA,NA,NA,NA,NA,NA,NA,NA,NA,NA,NA,NA,NA,NA,NA,NA,NA,NA,NA,NA,NA,NA,NA,NA,0,0,0,0,0.36655,0.36648,0.36899,0.37156,0.44899,0.4509,0.45527,0.45958,0.02,0.02,0.02,0.02,0.02,0.02,0.02,0.02,1
2018-07-18,2018,199,NA,NA,NA,NA,NA,NA,NA,NA,NA,NA,NA,NA,NA,NA,NA,NA,NA,NA,NA,NA,NA,NA,NA,NA,NA,0,0,0,0,0.36571,0.36564,0.36828,0.37089,0.44874,0.45076,0.45517,0.45944,0.02,0.02,0.02,0.02,0.02,0.02,0.02,0.02,1
2018-07-19,2018,200,NA,NA,NA,NA,NA,NA,NA,NA,NA,NA,NA,NA,NA,NA,NA,NA,NA,NA,NA,NA,NA,NA,NA,NA,NA,0,0,0,0,0.36475,0.36468,0.36753,0.37019,0.44854,0.45068,0.45513,0.45934,0.02,0.02,0.02,0.02,0.02,0.02,0.02,0.02,1
2018-07-20,2018,201,NA,NA,NA,NA,NA,NA,NA,NA,NA,NA,NA,NA,NA,NA,NA,NA,NA,NA,NA,NA,NA,NA,NA,NA,NA,0,0,0,0,0.36371,0.36363,0.36677,0.36949,0.44837,0.45066,0.45516,0.4593,0.02,0.02,0.02,0.02,0.02,0.02,0.02,0.02,1
2018-07-21,2018,202,NA,NA,NA,NA,NA,NA,NA,NA,NA,NA,NA,NA,NA,NA,NA,NA,NA,NA,NA,NA,NA,NA,NA,NA,NA,0,0,0,0,0.36262,0.36253,0.366,0.36879,0.44826,0.4507,0.45526,0.45933,0.02,0.02,0.02,0.02,0.02,0.02,0.02,0.02,1
2018-07-22,2018,203,NA,NA,NA,NA,NA,NA,NA,NA,NA,NA,NA,NA,NA,NA,NA,NA,NA,NA,NA,NA,NA,NA,NA,NA,NA,0,0,0,0,0.36153,0.36143,0.36525,0.3681,0.44819,0.45081,0.45544,0.45945,0.02,0.02,0.02,0.02,0.02,0.02,0.02,0.02,1
2018-07-23,2018,204,NA,NA,NA,NA,NA,NA,NA,NA,NA,NA,NA,NA,NA,NA,NA,NA,NA,NA,NA,NA,NA,NA,NA,NA,NA,0,0,0,0,0.36046,0.36036,0.36453,0.36744,0.44816,0.45098,0.4557,0.45967,0.02,0.02,0.02,0.02,0.02,0.02,0.02,0.02,1
2018-07-24,2018,205,NA,NA,NA,NA,NA,NA,NA,NA,NA,NA,NA,NA,NA,NA,NA,NA,NA,NA,NA,NA,NA,NA,NA,NA,NA,0,0,0,0,0.35945,0.35936,0.36387,0.36682,0.44819,0.45122,0.45605,0.46002,0.02,0.02,0.02,0.02,0.02,0.02,0.02,0.02,1
2018-07-25,2018,206,NA,NA,NA,NA,NA,NA,NA,NA,NA,NA,NA,NA,NA,NA,NA,NA,NA,NA,NA,NA,NA,NA,NA,NA,NA,0,0,0,0,0.35856,0.35846,0.36328,0.36626,0.44827,0.45153,0.45649,0.4605,0.02,0.02,0.02,0.02,0.02,0.02,0.02,0.02,1
2018-07-26,2018,207,NA,NA,NA,NA,NA,NA,NA,NA,NA,NA,NA,NA,NA,NA,NA,NA,NA,NA,NA,NA,NA,NA,NA,NA,NA,0,0,0,0,0.35777,0.35768,0.36272,0.36572,0.4484,0.45191,0.45703,0.46113,0.02,0.02,0.02,0.02,0.02,0.02,0.02,0.02,1
2018-07-27,2018,208,NA,NA,NA,NA,NA,NA,NA,NA,NA,NA,NA,NA,NA,NA,NA,NA,NA,NA,NA,NA,NA,NA,NA,NA,NA,0,0,0,0,0.35706,0.35699,0.36217,0.36519,0.44857,0.45232,0.45765,0.46186,0.02,0.02,0.02,0.02,0.02,0.02,0.02,0.02,1
2018-07-28,2018,209,NA,NA,NA,NA,NA,NA,NA,NA,NA,NA,NA,NA,NA,NA,NA,NA,NA,NA,NA,NA,NA,NA,NA,NA,NA,0,0,0,0,0.35643,0.35639,0.36162,0.36466,0.44877,0.45275,0.45832,0.46265,0.02,0.02,0.02,0.02,0.02,0.02,0.02,0.02,1
2018-07-29,2018,210,NA,NA,NA,NA,NA,NA,NA,NA,NA,NA,NA,NA,NA,NA,NA,NA,NA,NA,NA,NA,NA,NA,NA,NA,NA,0,0,0,0,0.35588,0.35586,0.36108,0.36413,0.449,0.45319,0.45899,0.46347,0.02,0.02,0.02,0.02,0.02,0.02,0.02,0.02,1
2018-07-30,2018,211,NA,NA,NA,NA,NA,NA,NA,NA,NA,NA,NA,NA,NA,NA,NA,NA,NA,NA,NA,NA,NA,NA,NA,NA,NA,0,0,0,0,0.35539,0.35541,0.36055,0.36362,0.44924,0.45361,0.45964,0.46426,0.02,0.02,0.02,0.02,0.02,0.02,0.02,0.02,1
2018-07-31,2018,212,NA,NA,NA,NA,NA,NA,NA,NA,NA,NA,NA,NA,NA,NA,NA,NA,NA,NA,NA,NA,NA,NA,NA,NA,NA,0,0,0,0,0.35498,0.35501,0.36003,0.36311,0.4495,0.45401,0.46024,0.46498,0.02,0.02,0.02,0.02,0.02,0.02,0.02,0.02,1
2018-08-01,2018,213,NA,NA,NA,NA,NA,NA,NA,NA,NA,NA,NA,NA,NA,NA,NA,NA,NA,NA,NA,NA,NA,NA,NA,NA,NA,0,0,0,0,0.35462,0.35468,0.35953,0.36262,0.44975,0.45436,0.46074,0.4656,0.02,0.02,0.02,0.02,0.02,0.02,0.02,0.02,1
2018-08-02,2018,214,NA,NA,NA,NA,NA,NA,NA,NA,NA,NA,NA,NA,NA,NA,NA,NA,NA,NA,NA,NA,NA,NA,NA,NA,NA,0,0,0,0,0.35432,0.35439,0.35904,0.36215,0.45,0.45464,0.46112,0.46606,0.02,0.02,0.02,0.02,0.02,0.02,0.02,0.02,1
2018-08-03,2018,215,NA,NA,NA,NA,NA,NA,NA,NA,NA,NA,NA,NA,NA,NA,NA,NA,NA,NA,NA,NA,NA,NA,NA,NA,NA,0,0,0,0,0.35408,0.35414,0.35858,0.3617,0.45023,0.45484,0.46134,0.46633,0.02,0.02,0.02,0.02,0.02,0.02,0.02,0.02,1
2018-08-04,2018,216,NA,NA,NA,NA,NA,NA,NA,NA,NA,NA,NA,NA,NA,NA,NA,NA,NA,NA,NA,NA,NA,NA,NA,NA,NA,0,0,0,0,0.35389,0.35393,0.35814,0.36127,0.45046,0.45498,0.46143,0.46644,0.02,0.02,0.02,0.02,0.02,0.02,0.02,0.02,1
2018-08-05,2018,217,NA,NA,NA,NA,NA,NA,NA,NA,NA,NA,NA,NA,NA,NA,NA,NA,NA,NA,NA,NA,NA,NA,NA,NA,NA,0,0,0,0,0.35375,0.35376,0.35773,0.36086,0.45069,0.4551,0.46145,0.46646,0.02,0.02,0.02,0.02,0.02,0.02,0.02,0.02,1
2018-08-06,2018,218,NA,NA,NA,NA,NA,NA,NA,NA,NA,NA,NA,NA,NA,NA,NA,NA,NA,NA,NA,NA,NA,NA,NA,NA,NA,0,0,0,0,0.35365,0.35364,0.35733,0.36046,0.45093,0.45519,0.4614,0.4664,0.02,0.02,0.02,0.02,0.02,0.02,0.02,0.02,1
2018-08-07,2018,219,NA,NA,NA,NA,NA,NA,NA,NA,NA,NA,NA,NA,NA,NA,NA,NA,NA,NA,NA,NA,NA,NA,NA,NA,NA,0,0,0,0,0.3536,0.35355,0.35695,0.36008,0.45117,0.45525,0.46128,0.46626,0.02,0.02,0.02,0.02,0.02,0.02,0.02,0.02,1
2018-08-08,2018,220,NA,NA,NA,NA,NA,NA,NA,NA,NA,NA,NA,NA,NA,NA,NA,NA,NA,NA,NA,NA,NA,NA,NA,NA,NA,0,0,0,0,0.3536,0.35349,0.35659,0.35972,0.45142,0.45529,0.46109,0.46603,0.02,0.02,0.02,0.02,0.02,0.02,0.02,0.02,1
2018-08-09,2018,221,NA,NA,NA,NA,NA,NA,NA,NA,NA,NA,NA,NA,NA,NA,NA,NA,NA,NA,NA,NA,NA,NA,NA,NA,NA,0,0,0,0,0.35365,0.35348,0.35625,0.35938,0.45167,0.4553,0.46083,0.46571,0.02,0.02,0.02,0.02,0.02,0.02,0.02,0.02,1
2018-08-10,2018,222,NA,NA,NA,NA,NA,NA,NA,NA,NA,NA,NA,NA,NA,NA,NA,NA,NA,NA,NA,NA,NA,NA,NA,NA,NA,0,0,0,0,0.35374,0.3535,0.35593,0.35905,0.45192,0.45529,0.46049,0.46531,0.02,0.02,0.02,0.02,0.02,0.02,0.02,0.02,1
2018-08-11,2018,223,NA,NA,NA,NA,NA,NA,NA,NA,NA,NA,NA,NA,NA,NA,NA,NA,NA,NA,NA,NA,NA,NA,NA,NA,NA,0,0,0,0,0.35387,0.35355,0.35562,0.35873,0.45218,0.45525,0.46008,0.46482,0.02,0.02,0.02,0.02,0.02,0.02,0.02,0.02,1
2018-08-12,2018,224,NA,NA,NA,NA,NA,NA,NA,NA,NA,NA,NA,NA,NA,NA,NA,NA,NA,NA,NA,NA,NA,NA,NA,NA,NA,0,0,0,0,0.35405,0.35365,0.35533,0.35843,0.45244,0.45518,0.4596,0.46424,0.02,0.02,0.02,0.02,0.02,0.02,0.02,0.02,1
